0.027909 23
3.428376 1
0.120085 1
0.139992 1
0.979826 1
0.148451 1
0.091878 1
0.184709 14
0.915089 2
0.000280 39
0.807524 1
0.132085 1
0.308457 2
0.002143 82
0.000444 2
0.000193 62
0.000183 2
0.000548 39
1173.648619 1
0.239496 1
0.339863 1
0.220116 1
0.439869 4
0.408167 4
0.772242 1
0.520201 4
1.179657 1
0.140142 1
0.079381 1
0.276428 1
0.064315 1
0.139932 1
0.115468 1
0.103993 1
0.140711 1
0.199465 1
0.219824 1
0.060304 1
0.200112 1
0.107993 1
0.171949 1
1.300075 1
0.280028 1
0.139995 1
0.060076 1
0.127861 1
0.131700 1
0.700021 1
0.180323 1
0.099653 1
0.119997 1
0.247986 1
0.091903 1
0.088472 1
0.211788 1
0.100443 1
0.199906 1
0.127663 1
1.099825 1
1.252118 41
2.900097 1
0.519898 1
0.160132 1
0.147643 1
0.112562 1
0.219632 1
0.120193 1
0.100060 1
0.099945 1
0.180244 1
0.147828 1
0.371490 1
0.960394 41
10.159979 1
0.260359 1
2.759428 1
0.000062 1
0.000270 1
0.000160 1
0.000036 1
0.000030 1
0.000040 1
0.000029 1
0.000037 1
0.000028 1
1.339631 2
0.000411 39
1.619627 1
0.439688 1
0.640077 1
0.100446 1
0.179785 1
0.280045 1
0.140026 1
0.460025 1
0.159443 1
0.180686 1
0.127607 1
0.152143 1
0.119998 1
0.299631 1
0.060441 1
0.159373 1
0.179997 1
0.840673 41
1.439907 1
0.479623 1
3.360121 1
0.340692 1
0.199754 1
0.839538 1
0.179848 1
0.160588 1
0.140115 1
0.167712 1
0.092099 1
0.179775 1
0.500099 41
1.399902 1
0.399779 1
0.380686 1
0.119274 1
0.280631 1
0.159616 1
0.120086 1
0.080575 1
0.579696 41
0.939767 1
0.799907 1
0.180100 1
0.159604 1
0.060358 1
0.299698 1
0.160176 1
0.179957 1
0.259621 1
1.900347 2
0.000171 39
1.499525 1
0.120629 1
0.327434 1
0.052172 1
0.268348 1
0.151846 1
0.167861 1
0.612097 41
1.559736 1
0.660094 1
0.140299 1
0.239954 1
0.139592 1
0.480094 1
0.219952 1
0.120012 1
0.100420 1
0.059757 1
0.200787 1
0.258871 1
0.280285 1
0.060557 1
0.139674 1
0.167727 1
0.152636 1
0.139268 1
0.100051 1
0.208134 1
0.132204 1
0.440047 1
0.179890 1
0.148007 1
0.852112 1
0.080037 1
0.300072 1
0.119885 1
0.188000 1
0.119583 1
0.132318 1
0.100149 1
0.139883 1
0.199653 1
0.120382 1
0.160117 1
0.599418 41
1.147925 1
0.252666 1
0.135735 1
0.103827 1
0.088281 1
0.092032 1
0.921430 2
1.898310 1
0.219882 1
0.140004 1
0.285612 1
0.000607 3
1.093780 1
0.325634 1
0.000689 3
0.874108 1
0.100172 1
0.313474 2
0.686580 4
0.199776 4
0.179898 4
0.180109 4
1.139975 1
0.419721 1
0.780266 1
0.445259 2
0.774954 2
0.010704 41
0.000331 2
0.000124 30
0.000193 2
0.002436 8
4.365929 1
0.119967 1
1.960007 1
0.400076 1
0.199593 1
0.108540 1
0.131722 1
0.099731 1
0.280058 1
0.100294 1
0.119617 1
0.188404 1
0.112050 1
0.099620 1
0.140614 1
0.127415 1
0.152438 1
0.139609 1
0.220272 1
0.420019 1
0.780105 1
0.559654 4
0.220272 4
0.607607 1
0.251943 1
0.140108 1
0.100297 1
0.159459 1
0.260475 1
0.100045 1
0.519770 2
0.000104 8
2.519720 1
0.280538 1
0.139920 1
1.300082 1
0.199786 1
0.219504 1
0.140351 1
0.176240 1
0.224154 1
0.179894 1
0.759990 10
0.899605 1
0.240304 1
0.159962 1
0.148170 1
0.191900 1
0.179712 1
0.580616 1
0.099825 1
0.307513 1
0.171891 1
0.240406 1
0.220210 1
1.019857 10
4.299933 1
0.159725 1
0.308435 1
2.831874 1
0.880303 1
0.199522 1
0.648124 1
0.272086 1
0.180113 1
0.127383 1
0.092467 1
0.160106 1
0.179422 1
0.100593 1
0.120022 1
0.219508 1
0.740390 10
4.519811 1
0.140201 1
0.239480 1
0.340459 1
0.179944 1
0.039882 1
0.180270 1
0.120397 1
0.559174 1
0.099996 1
0.139951 1
0.480496 4
0.199933 4
0.159994 4
0.187672 4
0.172233 4
1.199670 1
0.280472 1
0.119578 1
0.140290 1
0.979717 1
0.220500 1
0.119465 1
0.800514 10
10.139958 1
0.159637 1
0.759981 1
2.319796 1
0.000035 1
0.000019 1
0.000016 1
0.000015 1
0.000014 1
0.000014 1
0.000013 1
0.000014 1
1.320650 10
7.259849 1
0.139855 1
0.140044 1
3.160090 1
0.000040 1
0.000031 1
0.000045 1
0.000024 1
0.000020 1
0.000022 1
0.000021 1
0.000021 1
0.000038 1
1.239698 10
6.699495 1
0.168488 1
0.752016 1
2.559407 1
0.000117 1
0.000333 1
0.000024 1
0.000018 1
0.000016 1
0.000016 1
0.000014 1
0.000015 1
0.000022 1
0.000023 1
0.819919 10
6.239790 1
0.159951 1
0.180187 1
2.940200 1
0.000116 1
0.000032 3
0.000303 1
0.000140 1
0.000032 1
0.000032 1
0.000030 1
0.000030 1
0.000039 1
1.418752 2
0.000123 8
5.940319 1
0.199887 1
1.779822 1
1.760127 1
0.000035 1
0.000021 1
0.000018 1
0.000017 1
0.000015 1
0.000016 1
0.000015 1
0.000014 1
0.000020 1
0.000033 1
0.000024 1
1.719827 10
5.299896 1
0.160179 1
0.720098 1
2.300029 1
0.000070 1
0.000032 1
0.000052 1
0.000027 1
0.000034 1
0.000030 1
0.000027 1
0.000035 1
0.000028 1
0.000036 1
1.126889 2
0.000083 8
6.052586 1
0.179896 1
0.719597 1
2.760353 1
0.000046 1
0.000029 1
0.000029 1
0.000036 1
0.000028 1
0.000026 1
0.000027 1
0.000044 1
0.000028 1
1.859776 10
7.159834 1
0.159849 1
0.780341 1
2.420006 10
2.419545 1
0.159962 1
0.181384 1
0.199468 1
0.179895 1
0.199668 1
0.168244 1
0.191790 1
0.479944 1
0.560271 9
1.219252 3
0.200328 3
0.159679 3
0.180518 3
0.160077 3
0.139606 3
0.180226 3
0.319714 3
0.800542 10
5.019429 1
0.180415 1
0.267505 1
0.572468 1
0.240115 1
0.179500 1
0.308309 1
0.172182 1
0.099839 1
0.128031 1
0.112075 1
0.379599 1
0.120022 1
0.100331 1
0.179931 1
0.100149 1
0.379831 1
0.100240 1
0.187652 1
0.871838 1
0.180346 1
0.099968 1
0.140142 1
0.199681 1
0.240128 1
0.120130 1
0.147721 1
0.512384 4
0.559886 1
0.140301 1
0.099533 1
0.140194 1
0.307510 1
0.092312 1
0.160204 1
0.107673 1
0.212377 1
0.239403 1
0.100561 1
0.180059 1
0.099355 1
0.207972 1
0.132541 1
0.727736 1
0.112341 1
0.179956 1
0.439782 1
0.140261 1
0.159809 1
0.307616 1
0.112486 1
0.139952 1
0.099878 1
0.140407 1
0.139383 1
0.200096 1
0.099890 1
0.120384 1
0.100167 1
0.159408 1
0.100312 1
0.219807 1
0.160424 1
0.139827 1
0.240069 1
0.219969 1
1.340128 1
0.099900 1
0.140142 1
0.120008 1
0.139963 1
0.139481 1
0.140508 1
0.179946 1
1.039989 1
0.160098 1
0.147700 1
0.272314 1
0.159902 1
0.195986 1
0.104149 1
0.147602 1
0.112180 1
0.160015 1
1.260113 10
0.560038 1
0.159840 1
0.207656 1
0.372389 1
0.140072 1
0.140176 1
0.167728 1
0.091921 1
0.100038 1
0.107705 1
0.852261 1
0.900148 1
0.140110 1
0.199924 1
0.159826 1
0.100503 1
0.099552 1
0.140152 1
0.167756 1
0.092143 1
0.179979 1
0.580142 1
0.119880 1
0.100062 1
0.207938 1
0.111992 1
0.499993 1
0.099821 1
0.140179 1
0.100134 1
0.107741 1
0.152154 1
0.167580 1
0.132403 1
0.659611 1
0.159853 1
0.280150 1
0.220084 1
0.140327 1
1.119882 1
0.140107 1
0.100032 1
0.120008 1
0.140068 1
0.139810 1
1.679950 1
0.220268 1
0.219371 1
0.200377 1
0.120261 1
0.139845 1
0.107807 1
0.152111 1
0.780052 1
0.119993 1
0.139763 1
0.180346 1
0.259328 1
0.088481 1
0.132018 1
0.120477 1
0.159601 1
1.043106 1
0.396788 1
0.179977 1
0.140168 1
0.099708 1
0.108220 1
0.320474 1
0.071535 1
0.180015 1
0.287701 1
1.271949 10
1.180371 1
0.160163 1
0.219758 1
0.460306 1
0.159938 1
0.059861 1
0.059836 1
0.220101 1
0.180093 1
0.147409 1
0.072857 1
0.307286 1
0.112303 1
0.147921 1
0.114211 1
0.117653 1
0.120053 1
0.139990 1
0.660277 1
0.100014 1
0.100038 1
0.079985 1
0.159821 1
0.119874 1
0.159866 1
0.040314 1
0.240228 1
0.259826 1
0.099720 1
0.580356 10
2.159922 1
0.160015 1
0.480032 1
0.139911 1
0.680044 1
0.160057 1
0.167919 1
0.152187 1
0.340009 1
0.100063 1
0.139892 1
0.239445 1
0.820594 2
0.004308 21
0.000464 2
0.000186 31
0.000165 2
0.000118 14
0.000092 2
0.000109 11
0.000116 2
0.000072 18
0.000067 2
0.000085 2
0.000057 2
0.000099 37
0.000072 2
0.000154 8
2.013657 1
0.427639 1
0.372498 1
0.100046 1
0.207804 1
0.191929 1
0.100211 1
0.179877 1
0.440119 1
0.119809 1
0.100064 1
0.180222 1
0.159879 1
0.139891 1
0.120079 1
0.119830 1
0.940283 1
0.099871 1
0.140031 1
0.180017 1
0.680148 2
0.000566 29
0.000177 2
0.000021 31
0.000015 2
0.000015 13
0.000015 2
0.000020 2
0.000013 2
0.000102 8
9.498379 1
0.160486 1
0.119617 1
0.100278 1
0.399891 1
0.240090 1
0.179858 1
1.260447 1
0.119667 1
0.140282 1
0.219313 1
0.800229 1
0.239891 1
0.140000 1
0.120718 1
0.139702 1
1.519738 1
0.240081 1
1.940122 1
0.119533 1
0.180557 1
0.159722 1
0.180887 1
0.159067 1
0.140203 1
0.139715 1
0.919936 1
0.099983 1
0.140466 1
0.308052 1
0.731561 1
0.308102 1
0.132141 1
0.195996 1
0.103576 1
5.080011 1
0.460556 1
0.839655 1
0.040093 1
0.220046 1
0.139757 1
0.440062 1
0.119957 1
0.161559 1
0.326924 1
0.171965 1
0.759760 1
0.219802 1
0.221358 1
0.094977 1
0.125097 1
0.118402 1
0.360072 1
0.120309 1
0.140196 1
0.548545 1
0.290921 1
1.748096 1
0.132080 1
0.100035 1
0.120006 1
0.219872 1
0.960031 1
0.160130 1
0.099896 1
0.859869 1
0.100180 1
0.159985 1
0.280302 1
1.260094 1
0.359721 1
0.219870 1
1.400441 1
0.239950 1
0.099777 1
0.139755 1
0.268132 1
0.452579 1
0.399375 1
0.140124 1
3.000155 1
0.460277 1
0.128357 1
0.191738 1
0.159625 1
0.539974 1
0.159548 1
0.148363 1
0.131932 1
1.404280 1
0.616049 1
2.259692 1
0.420360 1
0.139780 1
0.140207 1
0.139993 1
0.239784 3
0.140156 1
0.139574 1
0.148391 1
0.792040 1
0.099705 1
0.140388 1
0.259942 1
0.920025 1
0.259408 1
0.100575 1
1.427536 1
0.872346 2
0.000691 23
0.000021 2
0.000017 23
0.000011 2
0.000013 23
0.000009 2
0.000020 23
0.000010 2
0.000016 23
0.000009 2
0.000013 23
0.000008 2
0.000013 23
0.000008 2
0.000012 23
0.000008 2
0.000014 23
0.000008 2
0.000012 23
0.000008 2
0.000013 23
0.000007 2
0.000011 23
0.000008 2
0.000011 23
0.000008 2
0.000010 23
0.000008 2
0.000011 23
0.000008 2
0.000011 23
0.000007 2
0.000011 23
0.000008 2
0.000010 23
0.000008 2
0.000011 23
0.000008 2
0.000010 23
0.000008 2
0.000010 23
0.000008 2
0.000011 23
0.000008 2
0.000010 23
0.000008 2
0.000011 23
0.000008 2
0.000011 23
0.000008 2
0.000016 23
0.000008 2
0.000011 23
0.000008 2
0.000010 23
0.000008 2
0.000010 23
0.000015 2
0.000018 23
0.000012 2
0.000012 23
0.000008 2
0.000011 23
0.000007 2
0.000011 23
0.000008 2
0.000011 23
0.000008 2
0.000010 23
0.000008 2
0.000011 23
0.000008 2
0.000010 23
0.000008 2
0.000017 23
0.000013 2
0.000016 23
0.000008 2
0.000011 23
0.000008 2
0.000075 8
5.158263 1
0.180171 1
0.239986 1
0.640004 1
0.080021 1
0.139539 1
0.120503 1
0.100029 1
0.179412 1
0.100556 1
0.079845 1
0.139684 1
0.380168 1
0.100098 1
0.099918 1
0.119896 1
0.220017 1
0.180064 1
0.259683 1
0.160648 1
0.059845 1
0.200051 1
0.199969 1
0.125183 1
0.094580 1
0.101199 1
0.207089 1
0.131910 1
0.140189 1
0.139915 1
0.167376 1
0.152274 1
0.219811 1
0.640468 1
0.620111 1
1.019646 1
0.201079 1
0.159231 1
0.059928 1
0.100232 1
0.139844 1
0.139691 1
0.187913 1
0.112324 1
0.148011 1
1.292009 2
0.000083 8
1.159610 45
1.120425 135
1.119856 1
1.500177 3
0.660164 3
0.159951 3
0.239353 3
0.140156 3
0.120532 3
0.100409 3
0.779411 3
0.199697 3
0.920248 2
0.000209 23
0.000263 2
0.000028 23
0.000010 2
0.000013 23
0.000008 2
0.000019 23
0.000150 2
0.000028 23
0.000014 2
0.000022 23
0.000012 2
0.000014 23
0.000008 2
0.000017 23
0.000013 2
0.000018 23
0.000012 2
0.000022 23
0.000011 2
0.000019 23
0.000008 2
0.000215 23
0.000013 2
0.000078 8
5.298781 1
0.180066 1
0.199952 1
0.959906 1
0.139980 1
0.100071 1
0.099492 1
0.207969 1
0.192437 1
0.260024 1
0.159577 1
0.060243 1
0.100191 1
0.140115 1
0.335967 1
0.083611 1
0.120421 1
0.188105 1
0.111477 1
0.159776 1
0.156669 1
0.563833 1
0.100220 1
1.219746 4
0.183798 4
1.576023 1
0.180003 1
0.820442 10
88.779897 411
2.240336 144
0.000169 53
0.000385 129
471.618510 1
0.160121 1
0.702777 1
1.137225 1
0.240521 1
0.119898 1
0.099707 1
0.099965 1
0.460471 1
0.139959 1
0.440016 1
0.519920 4
0.499920 4
0.059574 4
0.039936 4
0.060487 4
0.160025 4
0.199987 4
0.179463 4
0.180718 4
0.919745 1
0.399717 1
0.160421 1
0.059534 1
0.100357 1
0.180341 1
0.239734 1
0.159807 1
0.148303 1
0.251859 1
0.139429 1
0.040503 1
0.240095 1
0.219515 1
0.060634 1
0.128003 1
0.092854 1
0.258950 1
0.139793 1
0.140252 1
0.139994 1
0.280012 1
0.419840 1
0.200402 1
0.259298 1
0.100085 1
0.140389 1
1.019905 1
2.100049 4
0.879731 1
0.219701 1
0.140700 1
0.140045 1
0.099784 1
0.128108 1
0.392073 1
0.079820 1
0.119667 1
0.260396 1
0.140136 1
0.879912 1
0.400039 1
0.339887 1
0.160041 1
0.080114 1
0.179950 1
0.127991 1
1.312017 10
1.599436 1
0.199916 1
0.308603 1
0.571858 1
0.420190 1
0.120501 1
0.059329 1
0.180001 1
0.139991 1
0.179993 1
0.760164 4
0.387987 1
0.940263 4
0.532376 1
0.259314 1
0.140296 1
0.179779 1
0.740156 1
0.199685 1
0.140112 1
0.419942 1
0.207786 1
0.151914 1
0.120416 1
0.140130 1
0.139880 1
0.280029 1
0.220123 1
0.139922 1
0.139932 1
0.139884 1
0.139763 1
0.099933 1
0.140344 1
0.167395 1
0.112352 1
0.119923 1
0.240186 1
0.120138 1
0.060015 1
0.159616 1
0.179977 1
0.121289 1
0.338814 1
0.100306 1
0.287461 1
0.252061 1
0.160148 1
0.020365 1
0.759468 1
0.120169 1
0.099969 1
0.140301 1
0.120082 1
0.187900 1
0.231681 1
0.880451 1
0.200292 1
0.219663 1
0.139959 1
0.279912 1
0.119669 1
0.160663 1
0.119590 1
0.100219 1
0.208128 1
0.171739 1
0.060097 1
0.159924 1
1.519908 10
3.508199 1
0.171918 1
0.199986 1
0.360052 1
0.100013 1
0.207989 1
0.092060 1
0.120152 1
0.159623 1
0.800324 10
8.539895 1
0.880015 4
0.699673 1
0.459838 1
0.640404 1
0.119599 1
0.380358 1
0.360642 1
0.219159 1
1.240354 1
0.099786 1
0.120023 1
0.259714 1
1.680130 1
0.227914 1
0.132214 1
0.140209 1
0.099419 1
0.240475 1
0.240042 1
1.580039 1
0.140020 1
0.179996 1
0.140183 1
0.167233 1
0.112646 1
0.139920 1
0.099523 1
0.960399 1
0.140063 1
0.139933 1
0.240201 1
0.660201 1
0.259709 1
0.147525 1
0.132601 1
0.099755 1
1.480078 1
0.287474 1
0.252615 1
0.047439 1
0.872165 4
0.219849 4
0.640338 1
0.120082 1
0.187690 1
0.132359 1
0.739898 1
0.099986 1
0.140029 1
0.240052 1
0.260030 1
1.959998 1
0.179523 1
0.180438 1
0.127663 1
0.132389 1
0.079997 1
0.419868 1
0.120029 1
0.119948 1
0.240074 1
1.200174 1
0.999761 1
0.140159 1
0.220604 1
0.159545 1
0.147254 1
0.152529 1
0.167626 1
0.072342 1
1.020124 1
0.139823 1
0.120113 1
0.260092 1
0.199882 1
0.360186 1
0.219788 1
0.088331 1
0.211706 1
0.088020 1
2.471498 1
2.400081 1
0.160207 1
0.420137 1
0.740075 4
0.819953 1
0.819987 1
0.139854 1
0.139842 1
0.140253 1
0.188175 1
0.011623 1
0.079770 1
0.140259 1
0.120228 1
2.339679 1
0.860100 1
1.020148 82
0.000451 2
0.000074 8
2.379576 1
0.180162 1
0.280075 1
0.539461 1
0.148236 1
0.132214 1
0.187424 1
0.152237 1
0.199782 1
0.220480 1
0.219895 1
0.087713 1
0.112166 1
0.280160 1
0.119789 1
0.187879 1
0.152227 1
0.120065 1
0.088312 1
0.351579 1
0.140125 1
0.079948 1
0.179663 1
0.127991 1
0.131790 1
0.820450 1
0.160170 1
0.139911 1
0.099816 1
0.080012 1
0.179855 1
0.200041 1
0.279763 1
0.220470 1
0.240184 1
0.279919 1
0.319994 1
0.140046 1
0.120019 1
0.479990 1
0.120177 1
0.220048 1
0.139833 1
0.139883 1
0.140030 1
0.200046 1
0.160316 1
0.059697 1
0.202815 1
1.157120 10
1.139759 1
0.160352 1
0.239361 1
0.400524 1
0.239771 1
0.140347 1
0.059754 1
0.128368 1
0.211756 1
0.259874 1
0.140241 1
0.059399 1
0.180484 1
0.279606 1
0.260093 1
0.140538 1
0.860000 10
0.779812 1
0.159349 1
0.240559 1
0.100109 1
0.899999 1
0.159529 1
0.100009 1
0.140298 1
0.968254 1
0.111514 1
0.140306 1
0.260008 1
0.840238 23
0.000273 2
0.000200 31
0.000013 2
0.000009 14
0.000009 2
0.000008 11
0.000008 2
0.000008 18
0.000009 2
0.000015 2
0.000014 2
0.000034 37
0.000009 2
0.000067 8
5.099082 1
0.160174 1
0.639829 1
0.179909 1
0.568141 1
0.191854 1
0.160089 1
0.667626 1
0.392557 1
0.139612 1
0.100181 1
0.308224 1
0.131804 1
0.119721 1
0.119731 1
1.240192 1
0.680394 1
0.059670 1
0.248613 1
1.011645 10
2.900109 1
0.180165 1
1.299816 1
1.080006 1
0.119923 1
0.160269 1
0.099759 1
0.208163 1
0.251782 1
0.147862 1
0.172301 1
0.127927 1
0.731483 1
0.160429 1
0.168120 1
0.091975 1
0.899669 1
0.100491 1
0.140058 1
0.259862 1
0.799752 31
0.000231 2
0.000128 31
0.000013 2
0.000019 13
0.000008 2
0.000015 2
0.000008 2
0.000084 8
5.419421 1
0.099849 1
0.160423 1
1.139992 4
0.199864 4
0.179552 4
0.980558 1
0.167963 1
0.191658 1
0.340143 1
0.680252 4
0.219645 1
0.100268 1
0.120031 1
0.460035 1
0.100024 1
0.208206 1
0.091259 1
0.120453 1
0.108034 1
1.731589 1
0.080021 1
0.140092 1
0.120329 1
0.119970 1
0.008279 1
0.131607 1
0.248251 1
0.811981 4
0.199592 4
0.179992 4
0.839897 4
0.580314 1
0.159970 1
0.119545 1
0.100747 1
0.519309 1
0.100502 1
0.140063 1
0.220272 1
0.179164 1
0.780634 1
0.179706 1
0.127847 1
0.151988 1
0.100369 1
0.140006 1
0.099640 1
0.159972 1
0.260042 1
0.280232 1
0.259980 1
0.219757 1
0.219932 1
0.108039 1
0.212601 1
0.179415 1
0.100021 1
0.279948 1
0.220458 1
0.139970 1
0.099977 1
0.079993 1
0.407952 1
0.272214 1
0.159456 1
0.102891 1
0.177747 1
0.239724 1
0.140159 1
0.139328 1
0.120206 1
0.099775 1
0.328548 1
0.152008 1
0.759965 1
0.327930 1
0.131948 1
0.187639 1
0.092463 1
0.228600 1
0.119515 1
0.132103 1
0.107843 1
0.651645 1
0.180293 1
0.120101 1
0.208014 1
0.131827 1
0.520075 10
0.935972 1
0.143493 1
0.200614 1
0.559919 1
0.180087 1
0.160205 1
0.199395 1
0.160229 1
0.180213 1
0.167545 1
0.192525 1
0.179895 1
0.159756 1
0.200219 1
0.159831 1
0.180411 1
0.199872 1
0.780026 10
11.639838 1
0.160029 1
0.239924 1
0.460010 1
0.139977 1
0.060132 1
0.147966 1
0.071952 1
0.139904 1
1.579899 1
0.080209 1
0.199945 1
0.299722 1
0.240205 1
0.140131 1
0.099621 1
0.119770 1
0.120255 1
0.160453 1
1.400021 1
0.099871 1
0.160119 1
0.139582 1
0.260295 1
0.139645 1
0.260335 1
0.182094 1
0.157434 1
0.100566 1
0.079908 1
0.839972 1
0.100314 1
0.339760 4
0.219856 4
0.740117 1
0.139715 1
0.120447 1
0.099771 1
0.100045 1
0.080151 1
0.239249 1
0.120264 1
0.120363 1
0.119924 1
0.140088 1
0.779915 1
0.360101 1
0.299792 1
0.260171 1
0.260001 1
0.559984 1
0.160000 1
0.147526 1
0.172646 1
0.187474 1
0.132239 1
0.100072 1
0.280193 1
0.279645 1
0.139771 1
0.039886 1
0.160272 1
0.107957 1
0.152237 1
0.099998 1
0.080215 1
0.199468 1
0.080317 1
0.140082 1
0.300023 1
0.139921 1
0.188040 1
0.091513 1
0.120601 1
0.588214 1
0.991541 10
1.080256 1
0.199866 1
0.347691 1
2.272344 1
0.199631 1
0.060385 1
0.120094 1
0.099994 1
0.179975 1
0.059838 1
0.160238 1
0.147847 1
0.092302 1
0.067253 1
0.232518 1
0.120144 1
0.119909 1
0.099858 1
0.095901 1
0.384207 1
0.099645 1
0.160433 1
0.119771 1
0.139701 1
0.099835 1
0.740634 1
0.099915 1
0.160006 1
0.075886 1
0.064046 1
0.160017 1
0.207576 1
0.972776 1
0.199675 1
0.440423 1
0.079864 1
0.279778 1
0.179926 1
1.408055 10
3.691848 1
0.079797 1
0.256304 1
0.143849 1
0.120299 1
0.747952 1
0.491851 1
0.328185 1
0.111769 1
0.328220 1
0.111936 1
0.879807 1
0.307880 1
0.092278 1
0.140650 1
0.119484 1
0.199809 1
0.168027 1
0.092066 1
0.200012 1
0.719969 1
0.120058 1
0.127956 1
0.319744 1
0.173183 1
1.258853 1
0.120369 1
0.279882 1
0.299963 1
0.179878 1
0.139981 1
0.180083 1
0.879884 1
0.160141 1
0.760059 1
1.199963 1
0.160070 1
0.259929 1
0.820065 1
0.340046 1
0.099543 1
0.181871 1
0.126738 1
0.232091 1
0.119893 1
0.139932 1
0.100103 1
0.959169 1
0.180618 1
0.099552 1
0.288343 1
5.111953 1
0.839808 2
0.003581 8
1.356476 1
0.180297 1
0.279491 1
0.120420 1
0.379625 1
0.180513 1
0.147240 1
0.672605 1
0.179974 1
0.140188 1
0.139586 1
0.180217 1
0.240034 1
0.119962 1
0.140292 1
0.099650 1
0.780185 1
0.099678 1
0.139879 1
0.240329 1
1.860419 10
2.579896 1
0.167249 1
0.172421 1
0.379673 1
0.308438 1
0.212064 1
0.840254 1
0.179671 1
0.100288 1
0.119666 1
0.019660 1
0.199798 1
0.220358 1
0.099801 1
0.120813 1
0.059588 1
0.579563 1
0.060463 1
0.179948 1
0.127563 1
0.051909 1
1.700293 1
0.100545 1
0.139374 1
0.120281 1
0.099912 1
0.140855 1
0.399401 1
0.119850 1
0.167990 1
0.112076 1
0.179572 1
0.147820 1
0.132497 1
0.159752 1
0.240531 1
0.119446 1
0.140367 1
0.219969 1
2.588160 10
1.051692 1
0.456114 2
0.763981 1
0.260705 1
0.099446 1
0.119790 1
0.740261 4
0.260047 4
0.208018 4
0.171700 4
0.180109 4
0.180326 4
0.179922 4
0.179757 1
6.127678 1
0.651901 4
0.979909 1
0.280421 1
0.120057 1
0.420021 1
0.240186 1
0.099241 1
0.180016 1
1.720135 1
0.239970 1
0.800442 1
0.267343 1
0.052473 1
0.160079 1
3.220874 1
0.098918 1
0.160362 1
0.119863 1
0.188117 1
0.151906 1
0.099998 1
0.139726 1
0.860343 1
0.100038 1
0.180043 1
0.307538 1
0.912232 1
0.820048 1
2.447821 2
0.000142 8
4.332018 1
0.179956 1
1.080183 1
0.279762 1
0.199843 1
0.120063 1
0.080335 1
0.227486 1
0.172589 1
0.127581 1
0.092216 1
1.660083 1
3.199590 1
0.181422 1
0.126943 1
0.131638 1
0.620202 4
0.719615 1
0.560873 1
0.499837 1
1.739653 1
0.560198 1
0.139654 1
0.120393 1
0.159666 1
0.120548 1
0.159250 1
0.180856 1
0.159752 1
0.879293 1
0.104853 1
0.215346 1
0.100135 1
0.308210 1
0.152085 1
0.139977 1
0.080058 1
0.319399 1
0.280598 1
0.307593 1
0.172721 1
0.819319 1
1.420403 10
1.579645 1
0.140186 1
0.099983 1
0.099824 1
0.140020 1
2.000075 1
0.140234 1
0.139510 1
0.240165 1
1.040287 1
0.719924 1
0.300181 1
0.307786 1
1.592114 1
0.559418 1
0.820481 1
0.679954 2
0.002598 8
1.397272 1
0.179934 1
0.280059 1
0.760417 1
0.207910 1
0.131810 1
0.102050 1
0.146578 1
0.911841 1
0.119591 1
0.140020 1
0.119646 1
0.140291 1
0.120187 1
0.159770 1
0.580171 4
0.220002 4
0.199508 4
0.180119 4
0.180089 4
0.179940 4
0.180398 4
0.179842 4
0.760058 1
0.179818 1
0.140120 1
0.120000 1
0.139508 1
0.400487 1
0.259954 1
0.120183 1
0.059944 1
0.207481 1
0.192613 1
0.107983 1
0.072061 1
0.059736 1
0.200349 1
0.139750 1
0.100599 1
0.079575 1
0.199307 1
0.108603 1
0.151907 1
0.220036 1
0.179869 1
0.099805 1
0.120162 1
0.359847 1
0.140668 1
0.099493 1
0.247830 1
0.160296 1
0.051489 1
0.720086 1
0.100336 1
0.119693 1
0.080091 1
0.119947 1
0.260342 1
0.119969 1
0.080427 1
0.359626 1
0.099865 1
0.139765 1
0.080385 1
0.128120 1
0.091974 1
0.859907 1
0.080003 1
0.079784 1
0.180266 1
0.959996 2
0.000083 8
2.348035 1
0.211849 1
0.087603 1
0.132004 1
0.120488 1
0.240048 1
0.079953 1
0.308242 1
0.971607 1
0.119774 1
0.060140 1
0.160148 1
1.720059 1
0.060186 1
0.779839 1
0.119805 1
0.188171 1
0.112069 1
0.119431 1
0.120121 1
0.740069 1
0.099887 1
0.140052 1
0.279818 1
1.020146 1
0.859903 1
0.100547 1
1.059584 1
0.308064 1
0.152528 1
0.167740 1
0.132180 1
0.719649 1
0.140240 1
0.140062 1
0.099883 1
0.819893 1
0.380229 1
0.439933 1
0.139893 1
0.100100 1
0.167994 1
1.071856 1
1.519967 1
0.399588 1
1.028067 1
0.112617 1
0.119886 1
0.479948 1
0.860051 1
0.860091 1
3.779421 1
0.140518 1
0.688039 1
0.312189 1
0.139637 1
0.220099 1
0.139888 1
0.240180 1
0.159984 1
0.147469 1
0.452213 4
0.220122 4
0.220151 4
0.179999 4
0.200023 4
0.180182 4
0.159705 4
0.199874 4
2.500231 1
0.260039 1
0.899549 1
0.127947 1
0.112077 1
0.100462 1
0.539324 1
1.428089 1
0.212222 1
0.087661 1
0.212370 1
0.140290 1
0.679649 1
0.200264 1
0.259556 1
0.880186 1
0.280139 1
0.200021 1
0.180121 1
0.180199 1
0.179660 1
0.180094 1
0.720060 1
0.119681 1
1.520154 1
0.100149 1
0.140040 1
0.308073 1
5.671385 1
0.800013 2
0.002811 8
2.417635 1
0.167804 1
0.152180 1
0.720085 1
0.780006 4
0.199871 4
0.200121 4
0.199952 4
0.179955 1
0.779934 1
0.160230 1
0.179929 1
0.379423 1
0.200341 1
0.128137 1
0.132138 1
0.100004 1
0.259841 1
0.199742 1
0.080311 1
0.067430 1
0.092807 1
0.179802 1
0.159964 1
0.100229 1
0.139247 1
0.068434 1
0.151727 1
1.360424 1
0.099782 1
0.139672 1
0.140646 1
0.139877 1
0.100024 1
0.764000 1
0.195754 1
0.220215 1
0.900004 10
2.259569 1
0.220164 1
0.108144 1
0.251996 1
0.180027 1
0.319581 1
0.300587 1
0.139575 1
0.200349 1
0.127617 1
0.092322 1
0.899998 1
0.120102 1
0.207862 1
0.471756 1
0.308114 1
0.132043 1
0.140035 1
0.167798 1
0.152329 1
0.120061 1
0.119905 1
0.139760 1
0.220257 1
0.107901 1
0.152255 1
0.219843 1
1.660080 1
0.860216 2
0.002710 8
4.116997 1
0.260088 1
0.259434 1
0.740407 4
0.188179 4
0.151416 4
0.160242 1
0.479859 1
0.540300 1
0.119830 1
0.140023 1
0.800172 4
0.180269 4
0.199271 4
0.159919 4
0.200260 1
2.059916 1
0.200334 1
1.260165 1
0.279609 1
0.180536 1
0.160071 1
0.099771 1
0.099957 1
0.307352 1
0.212565 1
0.200121 1
0.059971 1
0.359924 1
0.179730 1
0.100270 1
0.139730 1
1.500319 1
0.099616 1
0.100056 1
0.120398 1
0.127486 1
0.152113 1
0.239914 1
0.840445 1
0.179618 1
0.140274 1
0.160072 1
0.128027 1
0.171772 1
0.180185 1
0.599486 1
0.120044 1
0.108083 1
0.212637 1
0.159273 1
0.160381 1
0.079672 1
0.180109 1
0.047881 1
0.092521 1
0.140054 1
0.059837 1
0.087972 1
0.112106 1
0.899950 1
0.400038 2
0.000109 8
0.800093 1
0.159442 1
0.167937 1
0.052373 1
0.379983 1
0.279683 1
0.120229 1
0.879821 1
0.060151 1
0.220274 1
0.328106 1
0.132164 1
0.759637 1
4.580048 1
0.060001 1
0.199545 1
0.087924 1
0.192599 1
0.947408 1
0.140532 1
0.091549 1
0.227958 1
0.112370 1
0.100075 1
0.240186 1
1.659700 1
3.428159 1
0.471327 1
0.060618 1
0.039935 1
0.240096 3
0.339399 3
0.220557 3
0.220160 3
0.639835 2
0.000449 28
0.000018 2
0.000260 8
3.019315 1
0.180110 1
0.199823 1
0.480095 1
0.120026 1
0.099475 1
0.060534 1
0.159714 1
0.020176 1
0.140104 1
2.740017 1
0.240073 1
0.619781 1
0.140026 1
0.168005 1
0.571694 10
86.119900 1
0.200164 1
0.120183 1
0.100098 1
0.439520 1
0.288590 1
0.179520 1
1.952102 1
0.159816 1
0.148401 1
0.231946 1
0.080200 1
0.939565 1
0.400306 1
0.119677 1
0.100360 1
0.079972 1
0.880122 1
0.219870 1
0.780165 1
0.199481 1
0.080244 1
0.179858 1
0.140422 1
0.627294 1
0.151996 1
0.180431 1
0.100113 1
0.207502 1
0.092449 1
0.139575 1
0.140547 1
0.539324 1
0.080320 1
0.180424 1
0.199968 1
0.819488 1
0.660604 13
0.000337 2
0.000034 11
0.000019 2
0.000023 11
0.000015 2
0.000071 8
19.338926 1
0.156223 1
0.244078 1
0.959735 1
0.200196 1
0.079765 1
0.239916 1
0.180565 1
0.107984 1
0.051935 1
0.079927 1
0.540036 1
0.219965 1
0.059508 1
0.140514 1
0.080007 1
0.076071 1
0.152105 1
0.113456 1
0.098306 1
0.088216 1
0.071549 1
0.308312 1
0.111738 1
0.060262 1
0.119991 1
0.160034 1
0.119855 1
0.100024 1
0.100089 1
0.099926 1
1.999571 1
0.720543 1
0.140080 1
0.119776 1
0.080874 1
0.119299 1
0.759888 1
0.100288 1
0.119856 1
0.287847 1
0.212043 1
0.760257 1
0.799751 1
0.241416 1
0.118638 1
0.099316 1
0.208745 1
0.111566 1
0.939950 10
2.860279 1
0.260163 1
0.119995 1
0.159614 1
0.380455 1
0.328073 1
0.171807 1
0.879987 1
0.119799 1
0.140055 1
0.240031 1
0.459953 1
0.280247 1
0.139909 1
0.119981 1
0.140302 1
1.139379 1
0.200341 1
0.500239 1
0.159729 1
0.327964 1
0.151763 1
0.180069 1
0.139866 1
0.119916 1
0.140278 1
0.660167 1
0.120014 1
0.140100 1
0.379956 1
1.199950 1
0.259948 1
0.120010 1
0.120032 1
0.139591 1
0.120706 1
0.519455 1
0.260217 1
0.060060 1
0.260002 1
0.139620 1
0.600215 1
0.079833 1
0.180319 1
0.199719 1
0.180256 1
0.439761 1
0.208309 1
0.191915 1
0.079945 1
0.140021 1
0.060014 1
0.480153 1
0.099718 1
0.160128 1
0.220258 1
1.419492 1
1.268603 1
0.191701 1
0.120118 1
0.159885 1
0.259587 1
0.220288 1
0.100342 1
0.119617 1
0.379995 1
0.068530 1
0.151302 1
0.199836 1
1.840294 1
0.439833 1
0.180216 1
0.060151 1
0.179475 1
0.080681 1
0.899875 1
0.499363 1
0.120657 1
0.600349 1
0.339690 1
1.199498 1
0.800294 1
0.140151 1
0.199908 1
0.099775 1
0.140288 1
0.099997 1
1.400149 1
0.519812 1
0.780566 1010
4.879414 1
0.180070 1
0.220066 1
0.479798 1
0.139954 1
0.060335 1
0.116064 1
0.163985 1
0.199670 1
0.239929 1
0.119916 1
0.016333 1
0.203497 1
0.108561 1
0.131824 1
0.108042 1
0.951990 10
1.080031 1
0.199499 1
0.180085 1
0.340326 1
0.080092 1
0.227660 1
0.071946 1
0.160089 1
0.199833 1
0.220514 1
0.120171 1
0.139343 1
0.060571 1
0.179805 1
0.127733 1
0.091990 1
0.140373 1
0.239811 1
0.179897 1
1.088278 4
0.252049 1
0.220574 1
0.138863 1
0.260206 1
0.139967 1
0.140413 1
0.099404 1
0.120435 1
0.280012 1
0.139992 1
0.168069 1
0.272128 1
0.139791 1
0.059980 1
0.119947 1
0.187877 1
0.472189 2
0.000089 8
1.099955 34
0.720017 52
0.900061 114
0.800108 1
1.100331 3
0.560174 3
0.160138 3
0.199735 3
0.139429 3
0.120484 3
0.139978 3
0.980063 314
0.259918 5
1.259418 25
0.000426 2
0.000032 23
0.000071 2
0.000028 23
0.000013 2
0.000032 23
0.000015 2
0.000025 23
0.000014 2
0.000020 23
0.000013 2
0.000091 23
0.000273 2
0.000031 23
0.000014 2
0.000020 23
0.000011 2
0.000018 23
0.000014 2
0.000026 23
0.000013 2
0.000021 23
0.000012 2
0.000089 8
853.719071 1
0.199292 1
0.900430 1
0.539795 1
0.600019 4
0.308695 1
0.391475 1
0.139746 1
0.167918 1
0.112671 1
0.599733 1
0.019967 1
0.219615 1
0.140262 1
0.099950 1
0.380229 1
0.119984 1
0.100051 1
0.139996 1
0.140293 1
0.079465 1
0.160213 1
0.099970 1
0.459513 1
0.140122 1
0.060318 1
0.763746 1
0.536720 10
3.079603 1
0.319967 1
0.120009 1
0.099945 1
0.459802 1
0.320228 1
0.140171 1
1.547908 1
0.092078 1
0.140101 1
0.259389 1
1.100369 1
0.219994 1
0.108071 1
0.111900 1
0.160485 1
0.399644 1
0.579630 4
0.700315 1
0.140283 1
0.267777 1
0.152334 1
0.139152 1
0.060512 1
0.247709 1
0.872320 1
0.180381 1
0.099541 1
0.919913 4
0.180575 4
0.659574 1
0.100118 1
0.859826 1
0.080173 1
0.100067 1
0.239888 1
0.419852 1
0.260122 1
0.120326 1
0.119620 1
0.099745 1
0.880300 1
0.459922 1
0.440058 1
0.119574 1
0.220366 1
0.119936 1
0.279964 1
0.120136 1
0.139982 1
0.199485 1
2.581171 1
0.358761 1
0.200372 1
0.460245 1
0.239838 1
0.428190 1
0.111895 1
0.188064 1
0.711406 4
0.220511 4
0.159944 4
0.180234 4
0.195943 4
0.923771 1
0.199968 1
0.167826 1
0.252536 1
0.159681 1
0.180009 1
1.219563 1
0.160599 1
0.119614 1
0.280374 1
0.787714 1
0.512350 1
0.147864 1
0.172045 1
0.100085 1
0.239922 1
0.119884 1
0.139980 1
0.175747 1
0.744392 1
0.139875 1
0.100026 1
0.307734 1
1.612315 1
1.260336 10
2.159585 1
0.180008 1
0.159666 1
0.540030 1
0.140161 1
0.140466 1
0.139581 1
0.167937 1
0.232468 1
0.340103 1
0.099876 1
0.099931 1
0.139656 1
0.180176 1
0.060282 1
0.199527 1
0.259971 1
0.220300 1
0.799976 1
0.179442 1
0.200468 1
0.580167 2
0.000103 8
1.259770 1
0.160018 1
0.220061 1
0.240226 1
0.219807 1
0.139665 1
0.160181 1
0.060034 1
0.420158 1
0.119964 1
0.220270 1
0.139633 1
0.140046 1
1.239998 1
0.227795 1
0.132288 1
0.139523 1
0.047963 1
0.112196 1
0.219935 1
0.159984 1
0.100252 1
0.180086 1
0.539678 10
0.760400 1
0.307527 1
0.112423 1
0.120009 1
0.520214 1
0.339780 1
0.139897 1
0.767864 1
0.132117 1
0.279902 1
0.260162 1
0.060247 1
0.219574 1
0.179601 1
0.540121 1
0.140312 1
0.140172 1
0.199565 1
0.119962 1
0.320449 1
0.119531 1
0.248295 1
0.151609 1
0.360290 1
0.308300 1
1.191745 4
0.199798 1
0.159862 1
0.220342 1
0.540141 1
0.140112 1
0.099526 1
0.240434 1
0.179937 1
1.060037 1
0.080007 1
0.940137 4
0.099845 1
0.208153 1
0.091974 1
0.239807 1
0.119656 1
0.140343 1
0.100117 1
0.859516 1
0.060788 1
0.139647 1
0.180377 1
0.479453 1
0.900607 10
2.518995 1
0.200083 1
0.219979 1
0.308060 1
0.132652 1
0.159490 1
0.160566 1
0.059226 1
0.200163 1
0.340333 1
0.139775 1
0.100350 1
0.300017 1
0.279999 1
0.239574 1
0.260466 1
0.079650 1
0.239726 1
0.800666 10
276.239957 1
0.179646 1
0.239844 1
0.780336 1
0.220156 1
0.159857 1
0.148003 1
0.139678 1
0.092261 1
0.140235 1
0.179844 1
0.127586 1
0.112574 1
0.207814 1
0.112160 1
0.260013 1
0.179925 1
0.099547 1
0.100390 1
1.799966 1
0.099647 1
0.420275 1
0.180292 1
0.099841 1
0.259609 1
0.220249 1
0.060015 1
0.199853 1
0.140078 1
0.116277 1
0.504115 1
0.219708 1
0.087980 1
0.232019 1
1.240036 2
0.000090 8
1.739619 1
0.160394 1
0.259345 1
0.600135 1
0.100386 1
0.079900 1
0.079784 1
0.224358 1
0.176082 1
0.099730 1
0.100290 1
0.227825 1
0.071664 1
0.120544 1
0.139788 1
0.339806 1
0.120366 1
0.079646 1
0.680359 1
0.279854 1
0.120048 1
1.639652 10
7.840232 1
0.179942 1
0.308275 1
4.231550 1
0.000064 1
0.000280 1
0.000022 1
0.000046 1
0.000120 1
0.000048 1
0.000017 1
0.000014 1
1.727773 10
6.831926 1
0.180073 1
0.740199 1
1.461073 1
0.000053 1
0.000044 1
0.000038 1
0.000037 1
0.000300 1
0.000109 1
0.000022 1
0.000016 1
0.000013 1
1.558341 10
6.419312 1
0.160167 1
0.160341 1
2.880070 1
0.000071 1
0.000042 1
0.000030 1
0.000062 1
0.000256 1
0.000119 1
0.000027 1
0.000024 1
0.000025 1
0.000023 1
1.418879 10
6.580288 1
0.160058 1
0.099601 1
2.620552 1
0.000059 1
0.000035 1
0.000027 1
0.000021 1
0.000031 1
0.000021 1
0.000020 1
0.000020 1
0.000020 1
0.000261 1
0.000099 1
1.419012 10
7.180279 1
0.179701 1
0.800520 1
2.179551 1
0.000036 1
0.000017 1
0.000016 1
0.000016 1
0.000014 1
0.000015 1
0.000193 1
0.000114 1
0.000032 1
0.000024 1
0.000024 1
2.920001 10
6.539338 1
0.200086 1
0.800417 1
1.567443 11
1.352579 10
6.019834 1
0.180407 1
0.659735 1
2.440040 2
0.000042 2
0.000031 1
0.000055 1
0.000385 1
0.000031 1
0.000036 1
0.000026 1
1.658626 10
6.360241 1
0.140039 1
0.979911 1
2.380369 1
0.000053 1
0.000041 1
0.000025 1
0.000065 1
0.000060 1
0.000025 1
0.000031 1
0.000034 1
0.000026 1
0.000024 1
2.180051 10
4.667570 1
0.171428 1
0.280331 1
0.620002 1
0.139853 1
0.180294 1
0.100117 1
0.119651 1
0.140071 1
0.100845 1
0.519334 1
0.220174 1
0.099907 1
0.119979 1
0.195416 1
0.184633 1
0.128046 1
0.091804 1
0.100053 1
0.220134 1
0.127557 1
0.152435 1
0.152783 1
1.234818 1
0.151995 1
0.259960 1
0.160473 1
0.099953 1
0.779941 4
0.159670 4
0.180204 4
0.960154 1
0.100004 1
0.139508 1
0.100356 1
0.241868 1
0.138285 1
0.219609 1
0.140071 1
1.260286 1
0.199962 1
0.240204 1
0.199931 1
0.219415 1
0.140020 1
0.168391 1
0.112102 1
0.099931 1
0.108214 1
0.111547 1
0.160131 1
0.120037 1
0.187950 1
0.032176 1
0.100363 1
0.119152 1
0.116515 1
0.103554 1
0.160036 1
0.099978 1
0.200683 1
0.239738 1
0.119551 1
0.100412 1
0.220034 1
0.159981 1
0.156241 1
0.163652 1
0.060096 1
0.119987 1
0.169361 1
0.130681 1
0.127755 1
0.092110 1
0.088207 1
0.151650 1
0.139757 1
0.168424 1
0.072008 1
0.100148 1
0.159819 1
0.059965 1
0.148040 1
0.112093 1
0.139959 1
0.188116 1
0.232211 1
0.099350 1
0.120362 1
0.099927 1
0.160194 1
0.148096 1
0.131732 1
0.139874 1
0.388058 1
0.092146 1
0.139896 1
0.180167 1
0.187507 1
0.892643 10
0.439200 1
0.160090 1
0.240468 1
0.600027 1
0.208242 1
0.131732 1
0.120139 1
0.159779 1
0.100052 1
0.099568 1
0.128134 1
0.111834 1
0.320517 1
0.899991 1
0.159617 1
0.200034 1
0.260076 1
0.100252 1
0.120341 1
0.199284 1
0.100409 1
0.160242 1
0.107554 1
0.152069 1
0.100342 1
0.207769 1
0.111997 1
0.099871 1
0.100121 1
0.167848 1
0.111550 1
1.180042 1
0.120475 1
0.260068 1
0.239902 1
0.120267 1
0.319858 1
0.140090 1
0.080089 1
0.159866 1
0.147932 1
0.072077 1
0.219992 1
0.059980 1
0.100005 1
0.239828 1
0.999858 10
4.019759 1
0.160504 1
0.287919 1
0.412107 1
0.159602 1
0.080813 1
0.039602 1
0.188017 1
0.091964 1
0.120208 1
0.139995 1
0.240009 1
1.059980 1
0.099881 1
0.279975 10
2.639570 1
0.420357 1
0.068101 1
0.171777 1
0.519795 1
0.340257 1
0.159678 1
1.600133 1
0.099933 1
0.140247 1
0.239605 1
1.040060 1
0.280204 1
0.120100 1
0.139966 1
0.119928 1
1.560330 1
0.139660 1
0.199866 1
0.128347 1
0.111724 1
0.099834 1
0.260484 1
0.199664 1
0.131975 1
0.067781 1
1.920450 1
0.099506 1
0.140616 1
0.179454 1
0.400441 1
0.240226 1
0.119523 1
0.119848 1
0.080405 1
0.867972 1
0.311765 1
0.240011 1
1.139950 1
0.240356 1
1.299763 1
0.400497 1
0.159630 1
0.100207 1
0.220182 1
0.167412 1
1.692607 1
0.159285 1
0.220160 1
0.240366 1
0.119629 1
1.640587 1
0.219370 1
0.120010 1
0.860147 4
0.180188 4
0.419914 1
0.120281 1
0.207642 1
0.152048 1
0.680324 1
0.119449 1
0.140002 1
0.100226 1
0.180327 1
0.067690 1
0.192017 1
0.200088 1
0.560062 1
0.115597 1
0.084328 1
0.228562 1
0.331105 1
0.380295 1
0.219849 1
0.160167 1
1.119735 1
0.119755 1
0.120446 1
0.228042 1
0.292119 1
0.339438 1
0.120142 1
1.920252 1
0.539884 1
0.100191 1
0.519694 4
0.199982 4
0.180114 4
1.267991 1
0.511854 1
0.120724 1
0.099756 1
0.119889 1
0.239720 1
0.720433 1
0.199889 1
0.127502 1
0.872526 4
0.199860 4
0.899653 1
0.060401 1
0.440221 1
0.500177 1
0.327423 1
1.052311 1
0.220161 1
0.139415 1
0.180346 1
0.639730 1
0.159834 3
0.159861 1
0.100458 1
0.255685 1
0.104053 1
0.100386 1
0.179704 1
2.100293 1
0.359639 1
0.140052 1
0.539856 1
0.308462 1
0.091966 1
0.160086 1
0.120027 1
0.539554 1
0.220009 1
0.660121 1
0.139828 1
0.920110 1
0.780298 25
0.000490 2
0.000029 23
0.000014 2
0.000017 23
0.000012 2
0.000028 23
0.000012 2
0.000025 23
0.000013 2
0.000019 23
0.000011 2
0.000017 23
0.000014 2
0.000017 23
0.000011 2
0.000020 23
0.000014 2
0.000019 23
0.000011 2
0.000019 23
0.000012 2
0.000025 23
0.000011 2
0.000016 23
0.000011 2
0.000015 23
0.000011 2
0.000015 23
0.000012 2
0.000015 23
0.000011 2
0.000026 23
0.000011 2
0.000021 23
0.000014 2
0.000018 23
0.000011 2
0.000017 23
0.000013 2
0.000028 23
0.000497 2
0.000023 23
0.000012 2
0.000015 23
0.000011 2
0.000017 23
0.000012 2
0.000015 23
0.000011 2
0.000018 23
0.000011 2
0.000015 23
0.000013 2
0.000021 23
0.000012 2
0.000017 23
0.000011 2
0.000018 23
0.000013 2
0.000017 23
0.000012 2
0.000018 23
0.000013 2
0.000019 23
0.000017 2
0.000017 23
0.000010 2
0.000013 23
0.000015 25
0.000016 25
0.000016 25
0.000015 25
0.000015 25
0.000079 10
2.877415 1
0.179939 1
0.220007 1
0.340270 1
0.099706 1
0.200062 1
0.059824 1
0.140264 1
0.200300 1
0.139972 1
0.139625 1
0.127956 1
0.112536 1
0.119703 1
0.459957 10
1.000222 14
1.080042 143
0.740257 1
0.639597 3
0.700124 3
0.139758 3
0.219906 3
0.180321 3
0.140010 3
0.099689 3
0.540023 3
0.179897 3
0.759979 25
0.000280 2
0.000028 23
0.000012 2
0.000012 23
0.000009 2
0.000017 23
0.000008 2
0.000013 23
0.000008 2
0.000011 23
0.000008 2
0.000011 23
0.000008 2
0.000011 23
0.000008 2
0.000017 23
0.000111 2
0.000015 23
0.000008 2
0.000013 23
0.000008 2
0.000011 23
0.000007 2
0.000050 8
2.839329 1
0.180325 1
0.260297 1
0.899477 1
0.100281 1
0.139662 1
0.160040 1
0.060291 1
0.139769 1
0.107839 1
0.292118 1
0.240381 1
0.119548 1
0.200334 1
0.119699 1
2.028457 10
2.871814 15
0.899856 152
0.987896 1
0.212284 1
0.200111 1
0.200048 1
0.179885 1
0.219842 1
0.180429 1
0.199515 1
0.200015 1
0.180014 1
0.200104 1
0.780303 3
0.940038 5
0.199522 5
0.160000 5
0.160249 5
0.179958 5
0.187988 5
0.172099 5
0.180002 5
0.179905 5
0.199804 5
0.180355 5
0.199911 5
0.179770 5
0.199681 5
0.188088 5
0.192292 5
0.179913 5
0.200307 5
0.202331 631
0.198049 316
0.179320 314
0.199952 312
0.200544 302
0.179807 302
0.200218 300
0.199708 302
0.180203 299
0.201571 303
0.178615 5
0.000718 2
0.000060 288
0.199038 5
0.179708 5
0.200481 5
0.199942 5
0.180468 5
0.179197 5
0.199956 5
0.180005 5
0.200436 5
0.179405 5
0.180391 5
0.199770 5
0.180580 5
0.179248 5
0.200196 5
0.180048 5
0.200245 5
1.679489 5
0.120421 5
0.680055 5
0.180337 5
0.359359 5
0.519968 5
0.180370 5
0.179795 5
0.100206 5
0.879728 5
0.399975 5
0.120275 5
0.759761 5
0.520172 5
0.099583 5
0.180527 5
0.139538 5
0.260640 5
0.119452 5
0.160539 5
0.147723 5
1.491848 296
3.240086 3
0.000240 25
0.000361 2
0.000023 23
0.000016 2
0.000022 23
0.000010 2
0.000019 23
0.000008 2
0.000012 23
0.000008 2
0.000011 23
0.000008 2
0.000011 23
0.000008 2
0.000010 23
0.000008 2
0.000020 23
0.000012 2
0.000016 23
0.000008 2
0.000013 23
0.000008 2
0.000010 23
0.000008 2
0.000050 8
472.578615 12
0.000046 1
0.180173 1
0.562166 1
0.237901 1
0.260199 1
0.187428 1
0.388154 1
0.184339 1
0.139847 1
0.119991 1
0.108340 1
1.771949 1
0.100027 1
0.099729 1
0.119877 1
0.288316 1
0.131453 1
0.140294 1
0.139905 1
0.159918 1
0.140197 1
0.219759 1
0.120111 1
0.160358 1
0.179793 1
0.759541 1
0.580235 1
0.280646 1
0.159768 1
0.168112 1
0.211741 1
0.120297 1
0.779422 1
0.140681 1
0.079949 1
0.239568 1
0.920241 10
4.480002 1
0.207553 1
0.212437 1
0.579553 1
0.099963 1
0.068666 1
0.072076 1
0.239672 1
0.220123 1
0.119715 1
0.100160 1
0.919783 23
0.000028 1
0.079689 1
0.120573 1
0.187819 1
0.652111 1
0.099927 1
0.139902 1
0.340679 1
0.339127 1
0.120572 1
0.579512 2
0.000070 8
8.799714 1
0.159891 1
0.120471 1
2.479616 1
0.000033 1
0.000018 1
0.000018 1
0.000024 1
0.000015 1
0.000023 1
0.000024 1
0.000317 1
1.339688 2
0.000125 8
7.899799 1
0.139883 1
0.200631 1
2.939615 1
0.000031 1
0.000025 1
0.000021 1
0.000021 1
0.000019 1
0.000020 1
0.000019 1
0.000020 1
0.000019 1
1.260398 10
7.559661 1
0.139750 1
0.167871 1
3.872452 1
0.000068 1
0.000034 1
0.000015 1
0.000015 1
0.000014 1
0.000013 1
0.000014 1
0.000021 1
0.000023 1
0.000014 1
1.680257 10
7.459374 1
0.140217 1
0.259387 1
2.720724 1
0.000034 1
0.000027 1
0.000034 1
0.000026 1
0.000025 1
0.000045 1
0.000027 1
0.000025 1
0.000026 1
0.000027 1
3.279349 1
0.240032 1
0.220311 1
0.195972 1
0.183470 1
0.199947 1
0.180728 1
0.179551 1
0.200254 1
0.199456 1
0.200100 1
1.240190 5
0.960083 3
0.487550 3
0.032083 3
0.060265 3
0.059512 3
0.040287 3
0.059917 3
0.040205 3
0.059753 3
0.040308 3
0.060654 3
0.039263 1
0.059777 1
0.048254 1
0.051733 1
0.048106 1
0.072154 1
1.159945 10
7.559933 1
0.200007 1
0.860197 1
2.380046 1
0.000038 1
0.000028 1
0.000025 1
0.000023 1
0.000083 1
0.000057 4
0.000023 1
0.000022 1
1.699464 10
8.180142 1
0.199767 1
0.940207 1
2.220333 1
0.000093 1
0.000059 1
0.000089 1
0.000499 1
0.000044 1
0.000034 1
0.000029 1
0.000025 1
0.000027 1
0.000028 1
2.938781 10
8.019716 1
0.182224 1
0.937721 1
2.600547 1
0.000081 1
0.000074 1
0.000029 1
0.000025 1
0.000022 1
0.000022 1
0.000021 1
0.000020 1
0.000021 1
1.640144 10
6.278994 1
0.180089 1
0.860385 1
2.080168 1
0.000102 1
0.000057 1
0.000042 1
0.000036 1
0.000043 1
0.000029 1
0.000029 1
0.000029 1
0.000026 1
0.000029 1
0.000031 1
1.939051 10
3.459909 1
0.160290 1
3.340422 1
1.540038 1
0.099717 1
0.119918 1
0.188228 1
0.007450 1
0.604062 1
0.060077 1
0.160258 1
0.121985 1
0.065613 1
0.192299 1
0.139988 1
0.180120 1
0.107845 1
0.112150 1
0.079625 1
0.180315 1
0.179583 1
0.147870 1
0.072539 1
0.247589 1
0.192314 1
0.100118 1
0.067859 1
0.132984 1
0.175102 1
0.144085 1
0.087807 1
0.152168 1
0.120078 1
1.020213 1
0.079307 1
0.159912 1
0.100223 1
0.060157 1
0.379969 1
0.728291 1
0.091927 1
0.355970 1
0.151865 1
0.232240 1
0.175801 1
0.104067 1
0.101414 1
0.118538 1
0.640031 1
0.159842 1
0.100097 1
0.139941 1
0.140130 1
0.399550 1
0.100172 1
0.140205 1
0.240101 1
0.139740 1
0.100103 1
0.280073 1
0.200093 1
4.300052 1
0.219855 1
0.215832 1
0.184323 1
0.599527 1
0.120263 1
0.100056 1
0.140072 1
0.059920 1
0.140206 1
0.148004 1
0.151437 1
0.100282 1
0.420228 1
0.139822 1
0.140147 1
0.187795 1
0.151968 1
0.420137 1
0.179910 1
0.099861 1
0.119849 1
0.140202 1
0.100069 1
0.215884 1
0.844437 4
0.159867 1
0.119995 1
0.140220 1
0.179599 1
0.239803 1
0.100311 1
0.316087 3
0.144162 1
0.099426 1
0.100657 1
0.119598 1
0.200205 1
0.139928 1
0.119892 1
0.139729 1
0.109206 1
0.110913 1
0.161151 1
0.198817 1
0.740142 1
0.101655 1
0.098418 1
0.140424 1
0.187838 1
0.052810 1
0.158498 1
0.140192 1
0.760128 1
0.279694 1
0.140469 1
0.140224 1
0.499792 1
0.159585 1
0.100186 1
0.199940 1
0.108386 1
0.251696 1
0.067771 1
0.151851 1
0.100418 1
0.139764 1
0.120498 1
0.220246 1
0.119476 1
0.060318 1
0.199657 1
0.100358 1
0.139259 1
0.620202 1
1.280289 1
0.639816 4
0.240498 1
0.199765 1
0.135989 1
0.212772 1
0.071423 1
0.999658 1
0.060466 1
0.119569 1
0.219761 1
1.279889 10
1.580156 1
0.119939 1
0.241508 1
0.458512 1
0.108366 1
0.099572 1
0.052127 1
0.200112 1
0.199858 1
0.100333 1
0.160016 1
0.240041 1
0.099739 1
0.179939 1
0.160102 1
0.067876 1
0.111801 1
0.120456 1
0.360138 1
0.099682 1
0.080378 1
0.119692 1
0.156049 1
0.104080 1
0.099644 1
0.108041 1
0.211951 1
0.220320 1
0.099887 1
0.480107 10
2.500012 1
0.307938 1
0.132035 1
0.120009 1
0.459639 1
0.340218 1
0.600203 1
0.879432 1
0.308445 1
2.331500 1
0.740268 1
0.100126 1
0.179934 1
0.159877 1
0.320235 1
0.100003 1
0.139613 1
0.180363 1
0.340389 1
0.879290 1
0.328459 1
0.112096 1
0.179929 1
0.219712 1
0.100315 1
0.339943 1
0.179845 1
0.120198 1
0.259659 1
0.239872 1
1.340439 1
0.179829 1
0.780089 1
0.139763 1
0.200224 1
0.119761 1
0.140673 1
0.140038 1
0.579221 1
0.080374 1
0.140193 1
0.199791 1
2.339886 1
9.040467 75
0.000911 2
0.000035 73
0.000065 2
0.000025 73
0.000013 2
0.000032 73
0.000014 2
0.000024 73
0.000013 2
0.000035 73
0.000013 2
0.000021 73
0.000012 2
0.000020 73
0.000013 2
0.000019 73
0.000013 2
0.000017 73
0.000013 2
0.000017 73
0.000010 2
0.000016 73
0.000011 2
0.000017 73
0.000012 2
0.000017 73
0.000011 2
0.000019 73
0.000011 2
0.000018 73
0.000012 2
0.000036 73
0.000011 2
0.000018 73
0.000011 2
0.000024 73
0.000013 2
0.000020 73
0.000012 2
0.000018 73
0.000013 2
0.000022 73
0.000013 2
0.000020 73
0.000015 2
0.000021 73
0.000012 2
0.000017 73
0.000012 2
0.000019 73
0.000011 2
0.000018 73
0.000011 2
0.000016 73
0.000011 2
0.000020 73
0.000011 2
0.000017 73
0.000011 2
0.000017 73
0.000017 2
0.000020 73
0.000013 2
0.000021 73
0.000013 2
0.000018 73
0.000013 2
0.000019 73
0.000011 2
0.000018 73
0.000012 2
0.000032 73
0.000017 2
0.000022 73
0.000014 2
0.000022 73
0.000016 2
0.000019 73
0.000011 2
0.000060 73
0.000013 2
0.000022 73
0.000012 2
0.000018 73
0.000011 2
0.000017 73
0.000013 2
0.000023 73
0.000024 2
0.000019 73
0.000014 2
0.000020 73
0.000015 2
0.000020 73
0.000011 2
0.000016 73
0.000012 2
0.000018 73
0.000226 2
0.000027 73
0.000012 2
0.000019 73
0.000979 2
0.000033 73
0.000024 75
0.000013 2
0.000019 73
0.000011 2
0.000018 73
0.000104 525
0.000032 75
0.000036 225
0.000019 75
0.000019 75
0.000010 2
0.000026 73
0.000032 225
0.000017 75
0.000010 2
0.000025 73
0.000012 2
0.000018 73
0.000011 2
0.000016 73
0.000010 2
0.000016 73
0.000018 75
0.000018 75
0.000010 2
0.000016 73
0.000018 75
0.000019 2
0.000027 223
0.000017 75
0.000016 75
0.000010 2
0.000015 73
0.000016 75
0.000018 75
0.000009 2
0.000015 73
0.000017 75
0.000017 75
0.000010 2
0.000020 73
0.000020 75
0.000019 75
0.000010 2
0.000015 73
0.000027 75
0.000011 2
0.000018 73
0.000021 2
0.000022 148
0.000019 75
0.000017 75
0.000017 75
0.000010 2
0.000025 73
0.000019 75
0.000018 75
0.000010 2
0.000016 73
0.000018 75
0.000010 2
0.000016 73
0.000018 75
0.000055 150
0.000021 75
0.000018 75
0.000010 2
0.000016 73
0.000018 75
0.000018 75
0.000010 2
0.000016 73
0.000018 75
0.000018 75
0.000010 2
0.000016 73
0.000018 75
0.000010 2
0.000017 73
0.000018 75
0.000018 75
0.000010 2
0.000017 73
0.000018 75
0.000018 75
0.000010 2
0.000017 73
0.000020 75
0.000028 75
0.000024 150
0.000019 75
0.000018 75
0.000010 2
0.000016 73
0.000018 75
0.000018 75
0.000015 2
0.000018 73
0.000021 75
0.000010 2
0.000016 73
0.000018 75
0.000010 2
0.000015 73
0.000018 75
0.000017 75
0.000011 2
0.000026 73
0.000013 2
0.000018 73
0.000012 2
0.000016 73
0.000019 75
0.000010 2
0.000017 73
0.000017 75
0.000018 75
0.000010 2
0.000080 448
0.000030 75
0.000034 225
0.000018 75
0.000018 75
0.000224 2
0.000067 298
0.000012 2
0.000025 73
0.000011 2
0.000015 73
0.000027 75
0.000011 2
0.000017 73
0.000017 75
0.000018 75
0.000019 75
0.000023 2
0.000019 73
0.000011 2
0.000017 73
0.000033 75
0.000011 2
0.000017 73
0.000011 2
0.000016 73
0.000011 2
0.000016 73
0.000018 75
0.000010 2
0.000015 73
0.000018 75
0.000019 75
0.000018 75
0.000133 2
0.000019 73
0.000169 2
0.000021 73
0.000546 75
0.000029 75
0.000021 75
0.000020 75
0.000019 75
0.000010 2
0.000018 73
0.000018 75
0.000010 2
0.000015 73
0.000019 75
0.000018 75
0.000010 2
0.000016 73
0.000018 75
0.000018 75
0.000010 2
0.000026 73
0.000030 152
0.000017 73
0.000018 75
0.000018 75
0.000018 75
0.000019 75
0.000018 75
0.000335 2
0.001025 1433
5.310267 1
0.159869 1
0.259957 1
0.659871 1
0.120076 1
0.099586 1
0.080347 1
0.167944 1
0.191783 1
0.260324 1
0.140049 1
0.060018 1
0.919988 1
0.079998 1
0.160044 1
0.260031 1
0.119515 1
0.196291 1
0.123976 1
0.840320 1
0.759947 1
0.919911 2
0.000177 8
1.743322 1
0.176766 1
0.228060 1
0.411245 1
0.240459 1
0.119910 1
0.100319 1
0.089248 1
0.150045 1
0.140122 1
0.121261 1
0.258979 1
0.075980 1
0.144262 1
1.359284 1
0.140932 1
0.499123 1
0.780678 1
0.179455 1
0.139813 1
0.240199 1
0.079899 1
0.120151 1
0.100345 1
0.180144 1
0.207561 1
0.252263 1
0.119999 1
0.699945 10
5.200214 1
0.199505 1
0.307709 1
0.092508 1
0.359952 1
0.280143 1
0.159642 1
0.560335 1
0.063915 1
0.176140 1
0.260112 1
0.079384 1
1.640491 1
2.399919 1
1.159926 1
0.219888 1
0.540143 1
0.307954 1
0.091993 1
0.227964 1
0.132066 1
0.880102 1
0.099991 1
0.102565 1
0.257062 1
0.140498 1
0.327351 1
0.232484 1
0.160110 1
0.799892 1
0.141052 1
0.158964 1
0.200087 1
0.127813 1
0.072190 1
0.260354 1
0.119537 1
0.519990 1
0.139989 1
0.100005 1
0.100023 1
0.240230 1
0.819423 1
0.220580 1
0.139878 1
0.519970 1
0.127898 1
0.092023 1
0.239490 1
0.460527 1
1.280213 12
0.001235 2
0.000116 10
0.000028 2
0.000031 10
0.000016 2
0.000111 8
4.878324 1
0.183531 1
0.135988 1
0.420428 1
0.120572 1
0.099479 1
0.121857 1
1.085936 4
0.252040 1
0.220019 1
0.179737 1
0.260410 1
0.159997 1
0.019906 1
0.959421 1
0.660196 1
1.160628 1
0.127352 1
0.232271 1
0.140170 1
0.120149 1
0.159847 1
0.147971 1
0.571904 10
398.979670 1
0.180458 1
0.240170 1
1.419282 1
0.200077 1
0.160480 1
0.147946 1
0.095953 1
0.375884 1
0.140295 1
0.279759 1
0.279589 1
0.140783 1
0.139829 1
0.239847 1
0.119824 1
0.100369 1
0.159459 1
0.100637 1
0.147742 1
0.092054 1
0.100032 1
0.179818 1
0.128090 1
0.092193 1
0.820089 1
0.779413 10
2.840514 1
0.159898 1
0.200100 1
0.319903 1
0.219576 1
0.140644 1
0.199775 1
1.180043 1
0.307819 1
0.132204 1
1.119836 1
1.440078 1
0.420050 1
0.119802 1
0.200167 1
0.119873 1
0.980341 10
1.359684 1
0.120165 1
0.239462 1
1.920641 1
0.079821 1
0.099854 1
0.136072 1
0.224074 1
0.120317 1
0.099742 1
0.099971 1
0.099952 1
0.120265 1
0.219677 1
0.239727 1
0.140347 1
0.100212 1
0.280009 1
0.099655 1
0.540078 1
0.119928 1
0.260208 1
2.099505 4
0.307768 1
0.272693 1
0.099949 1
0.179872 1
0.180080 1
0.147759 1
0.131985 1
0.100176 1
0.200023 1
0.160272 1
0.100036 1
0.079790 1
0.179925 1
0.159689 1
0.159787 1
0.100094 1
0.100100 1
0.240101 1
0.108331 1
0.091989 1
0.139883 1
0.168432 1
0.091468 1
1.080168 1
0.239889 1
0.420135 4
0.220081 4
0.219983 4
0.760225 1
0.179140 1
0.280367 1
0.080002 1
0.180407 1
0.199791 1
0.107623 1
0.612206 1
0.307548 1
0.832465 10
1.408081 1
0.172157 1
0.120128 1
0.359879 1
0.187812 1
0.112229 1
0.000396 1
0.259716 1
0.220296 1
0.139571 1
0.080314 1
0.399654 1
0.139993 1
0.187901 1
0.152081 1
0.080287 1
0.127781 1
0.291500 1
0.340445 1
0.159901 1
1.140087 10
4.287984 1
0.471672 1
0.059874 1
0.160424 1
0.499914 1
0.480038 1
0.120338 1
1.519570 1
0.240130 1
0.316046 1
0.404019 1
0.119830 1
0.220399 1
1.367715 1
0.332110 1
0.159848 1
0.100321 1
0.219676 1
0.200001 1
0.308040 1
0.211871 1
0.079857 1
0.180154 1
0.188048 1
0.151989 1
0.640041 1
0.240071 1
0.179949 1
1.039633 1
0.140324 1
0.139906 1
0.100206 1
1.419348 1
0.660474 1
0.128121 1
0.911911 1
0.059943 1
0.299915 1
0.160046 1
1.299798 1
0.659990 1
1.019903 1
0.100383 1
0.139839 1
0.279996 1
0.119795 1
1.740459 1
0.279959 1
0.139740 1
0.120418 1
0.099934 1
1.839921 1
0.460055 1
0.439803 1
0.360555 1
0.959931 1
0.699822 1
0.500011 1
0.740146 54
0.001066 2
0.000035 52
0.000015 2
0.000019 52
0.000021 2
0.000056 52
0.000013 2
0.000025 52
0.000012 2
0.000022 52
0.000012 2
0.000022 52
0.000011 2
0.000019 52
0.000011 2
0.000019 52
0.000011 2
0.000020 52
0.000011 2
0.000020 52
0.000011 2
0.000020 52
0.000011 2
0.000020 52
0.000011 2
0.000020 52
0.000012 2
0.000020 52
0.000012 2
0.000019 52
0.000034 2
0.000018 52
0.000011 2
0.000018 52
0.000011 2
0.000019 52
0.000014 2
0.000022 52
0.000012 2
0.000019 52
0.000011 2
0.000018 52
0.000011 2
0.000028 52
0.000021 2
0.000020 52
0.000021 2
0.000020 52
0.000011 2
0.000019 52
0.000011 2
0.000029 52
0.000012 2
0.000019 52
0.000012 2
0.000019 52
0.000012 2
0.000021 52
0.000011 2
0.000021 52
0.000012 2
0.000020 52
0.000012 2
0.000031 52
0.000013 2
0.000022 52
0.000013 2
0.000020 52
0.000011 2
0.000025 52
0.000013 2
0.000021 52
0.000012 2
0.000021 52
0.000013 2
0.000019 52
0.000013 2
0.000021 52
0.000013 2
0.000097 8
279.265207 1
0.151979 1
0.260079 1
0.499982 1
0.240058 1
0.079934 1
0.180460 1
0.099518 1
0.720268 1
0.099662 1
0.148124 1
0.851985 4
0.260182 1
0.164628 1
0.295101 1
0.120311 1
0.199857 1
0.119983 1
0.180143 1
0.127754 1
0.132030 1
0.260137 1
0.099867 1
0.140203 1
0.119986 1
0.159704 1
0.080125 1
0.148033 1
0.292213 1
0.059497 1
0.180325 1
1.919925 4
0.520080 1
0.119974 1
0.207908 1
0.152134 1
0.739927 10
0.787947 1
0.171673 1
0.239993 1
2.780539 1
0.879946 1
0.159818 1
0.680302 1
0.107728 1
0.191969 1
0.260048 1
0.160153 1
1.280025 1
0.319769 1
0.320347 1
0.719928 1
0.939720 1
0.240227 1
0.327781 1
1.252114 10
1.879973 1
0.199889 1
0.220372 1
0.419885 1
0.128054 1
0.091970 1
0.099765 1
0.220054 1
0.119936 1
0.108051 1
0.099966 1
0.112081 1
0.140002 1
0.620125 1
0.079721 1
0.420303 4
0.219868 4
0.719922 1
0.239871 1
0.260147 1
0.200159 1
0.500012 1
0.159830 1
0.199931 1
0.060248 1
0.159709 1
0.100004 1
0.180145 1
0.128194 1
0.091827 1
0.139798 1
0.196134 1
0.043869 1
0.520314 1
0.120038 1
0.167787 1
0.279956 1
0.120135 1
0.207759 1
0.104045 1
0.068033 1
0.152271 1
0.300002 1
0.179862 1
0.099998 1
0.160046 1
1.060113 10
1.179881 1
0.179796 1
0.160087 1
0.560025 1
0.060022 1
0.179980 1
0.219948 1
0.000028 1
0.120006 1
0.280024 1
0.240111 1
0.139862 1
0.048148 1
0.231855 1
0.220077 1
0.124136 1
0.135996 1
0.095754 1
0.743928 1
0.140381 1
0.167915 1
0.131767 1
0.196300 1
4.923778 1
0.099923 1
0.139932 1
0.120064 1
0.120031 1
0.147999 1
0.232047 1
1.279987 1
0.180263 1
0.179950 1
0.100007 1
0.200066 1
0.099960 1
0.180049 1
0.039804 1
0.220004 1
0.147880 1
0.111979 1
0.120186 1
0.099958 1
0.400016 1
0.259876 1
0.239918 1
0.220107 1
0.199999 1
0.139903 1
0.240026 1
0.140046 1
0.108105 1
0.092030 1
0.119928 1
0.259870 1
0.128286 1
0.091589 1
0.160097 1
0.060588 1
0.159805 1
0.147676 1
0.112206 1
0.159777 1
0.140004 1
0.168028 1
0.572239 1
0.019779 1
0.180053 1
0.260128 1
0.939754 10
0.980311 1
0.219747 1
0.160232 1
0.059644 1
0.460228 1
0.359760 1
0.160434 1
5.279906 1
0.140338 1
0.139423 1
0.320383 1
0.159890 1
0.979656 1
0.240119 1
0.199901 1
0.940519 1
0.159906 1
0.219688 1
0.100317 1
0.267699 1
0.692084 4
0.220708 4
0.179344 4
0.740068 1
0.140046 1
0.099938 1
0.459977 1
0.259994 1
0.100025 1
0.227768 1
0.092031 1
0.539903 1
0.200343 1
0.308056 1
0.279685 1
0.771685 1
0.624148 32
0.000749 2
0.000093 8
69.635461 1
0.719837 1
0.060207 1
0.159856 1
0.440301 1
0.499702 1
0.200072 1
0.759926 1
0.139891 1
0.967967 4
0.192246 4
1.179855 1
0.160211 1
0.147938 1
0.191871 1
0.159861 1
1.120135 1
0.400156 1
0.179721 1
0.720011 1
0.120152 1
0.139874 1
0.100158 1
0.139914 1
0.601336 1
0.606578 4
0.252019 1
0.240888 1
0.139375 1
0.180008 1
0.159999 1
1.080022 1
0.099780 1
0.139882 1
0.260190 1
0.599878 1
0.420257 32
0.000990 2
0.000095 8
37.038939 30
0.899890 1
0.500213 1
0.039722 1
0.058068 1
0.062014 1
0.039870 1
0.049026 1
0.051102 1
0.055776 1
0.044112 1
0.200398 1
0.215500 1
0.164256 1
0.179748 1
0.180099 1
0.200090 1
0.880155 5
1.220244 17
0.000020 2
0.000070 15
0.000013 2
0.000014 15
0.000009 2
0.000025 15
0.000013 2
0.000016 15
0.000009 2
0.000014 15
0.000015 2
0.000019 15
0.000015 2
0.000013 15
0.000008 2
0.000010 15
0.000013 2
0.000017 15
0.000012 2
0.000013 15
0.000008 2
0.000010 15
0.000008 2
0.000010 15
0.000008 2
0.000010 15
0.000008 2
0.000012 15
0.000008 2
0.000009 15
0.000067 255
0.000014 34
0.000013 34
0.000010 17
0.000013 34
0.000011 17
0.000062 27
2.198942 1
0.180058 1
0.180190 1
0.459584 1
0.180012 1
0.128171 1
0.152092 1
0.079769 1
0.160167 1
0.099726 1
0.160271 1
0.200074 1
0.108053 1
0.112028 1
0.207869 1
0.112095 1
1.059882 1
0.119921 1
0.220076 1
0.240035 1
0.160003 1
0.059999 1
0.920032 1
0.307771 1
0.872440 2
0.000086 8
7.699515 1
0.188171 1
0.240001 1
0.459970 1
0.151986 1
0.079999 1
0.179859 1
0.139896 1
0.160196 1
0.188091 1
0.811816 4
0.160072 4
0.539927 1
0.140144 1
0.179822 1
0.100269 1
0.199877 1
0.080344 1
0.307619 1
0.852097 1
0.166057 1
0.173874 1
0.047988 1
0.108035 1
0.171933 1
0.152127 1
0.120038 1
0.059970 1
0.121408 1
0.158598 1
0.141595 1
0.200023 1
0.126194 1
0.172024 1
0.059961 1
0.120001 1
0.380230 1
0.187829 1
0.092455 1
0.979782 1
0.119764 1
0.199880 1
0.100338 1
0.159778 1
0.219969 1
0.160576 1
0.719713 1
0.107757 1
0.551998 1
0.148475 1
0.112727 1
0.338696 1
0.240199 1
0.139968 1
0.060343 1
2.339768 10
470.879747 1
0.160023 1
0.200069 1
0.620218 1
0.140054 1
0.060474 1
0.219409 1
0.219958 1
0.199985 1
0.320453 1
0.135686 1
0.364577 1
0.179472 1
0.099688 1
0.120179 1
0.020079 1
0.239936 1
0.800118 1
0.739916 4
0.199948 1
0.139887 1
1.320107 1
0.099877 1
0.141180 1
0.198635 1
0.100238 1
0.100009 1
0.120072 1
0.140095 1
0.140246 1
0.167639 1
0.174154 1
0.190368 1
0.087774 1
0.109213 1
0.978521 1
0.092259 1
0.120028 1
0.099629 1
0.979941 2
0.000109 8
0.719897 1
0.160075 1
0.160145 1
0.599935 1
0.100035 1
0.279720 1
0.220200 1
0.139814 1
0.140201 1
0.439976 1
0.300164 1
0.759847 10
4.379924 1
0.220192 1
0.280148 1
0.787660 1
0.092132 1
0.079866 1
0.147975 1
0.332278 1
0.119922 1
0.139734 1
0.100116 1
0.099871 1
0.100216 1
0.207769 1
0.221065 1
0.071209 1
0.099914 1
0.240098 1
0.139818 1
0.188097 1
0.091825 1
0.140177 1
0.087986 1
0.151931 1
0.120141 1
0.099930 1
0.147868 1
0.512240 1
0.099675 1
0.100205 1
0.108035 1
0.111933 1
0.159976 1
0.080185 1
0.139829 1
0.860420 10
0.719734 1
0.180126 1
0.199796 1
0.279964 1
0.140279 1
0.239583 1
0.140020 1
0.100051 1
0.240177 1
0.299968 1
0.379985 2
0.000199 8
0.499784 1
0.159835 1
0.240141 1
3.379963 1
0.200028 1
0.159970 1
0.059889 1
0.460249 1
0.347898 1
0.132596 1
0.639302 1
0.160157 1
0.339925 1
0.180543 1
0.119399 1
0.600001 4
0.200142 4
0.179778 4
0.779938 1
0.220082 1
0.140187 1
0.139882 1
0.120019 1
0.659977 4
0.360023 1
0.208199 1
0.239857 1
0.192024 1
0.199921 1
0.307908 1
0.292442 1
0.259727 1
0.079970 1
0.219908 1
0.208186 1
0.251957 1
0.100061 1
0.100341 1
0.119471 1
0.140115 1
1.180095 1
0.359831 1
0.159994 1
0.739988 4
0.140099 1
0.340042 1
0.240064 1
0.099884 1
0.159943 1
0.440036 1
0.308027 1
0.211757 1
0.580049 1
0.540086 1
0.279920 1
0.180333 1
0.199728 1
0.260335 1
0.439668 1
0.520080 1
0.800139 1
0.307932 1
0.431832 1
0.308237 1
0.611936 1
0.200002 1
0.280024 1
0.199919 1
0.180040 1
0.608221 1
1.231638 1
0.320084 1
0.260302 1
0.239792 1
0.319977 1
1.420194 1
1.899547 10
1.260406 1
0.159707 1
0.220386 1
0.307531 1
0.092071 1
0.139924 1
0.128133 1
0.051844 1
0.160057 1
1.179897 2
0.000090 8
17.720483 1
0.239738 1
1.379782 4
0.180034 4
1.680129 1
0.239698 1
0.102089 1
0.118504 1
0.459513 1
0.360208 1
0.100021 1
1.120056 1
0.220377 1
0.460065 1
0.319386 1
0.100555 1
0.268021 1
0.091391 1
1.069497 1
0.150424 1
0.120223 1
0.240008 1
0.659963 1
0.820011 1
0.279924 1
0.520359 4
0.179912 1
0.419847 1
0.220267 1
0.139649 1
0.101905 1
0.798165 1
0.360027 1
0.219939 1
0.660245 1
0.399670 1
1.440024 1
0.919978 1
0.140031 1
0.840051 1
0.139973 1
0.220235 1
0.107767 1
0.172040 1
0.147876 1
1.432359 1
0.279551 1
0.320621 1
0.259411 1
0.500370 1
0.139840 1
1.060177 1
0.139556 1
0.140091 1
0.420406 1
0.239831 1
0.240113 1
0.359765 1
1.239952 1
1.720499 50
0.000047 2
0.000035 48
0.000020 2
0.000083 48
0.000525 2
0.000037 48
0.000016 2
0.000016 48
0.000008 2
0.000014 48
0.000008 2
0.000013 48
0.000008 2
0.000012 48
0.000008 2
0.000015 48
0.000008 2
0.000012 48
0.000009 2
0.000012 48
0.000008 2
0.000012 48
0.000008 2
0.000012 48
0.000008 2
0.000011 48
0.000008 2
0.000012 48
0.000008 2
0.000011 48
0.000008 2
0.000012 48
0.000009 2
0.000021 48
0.000013 2
0.000021 48
0.000012 2
0.000017 48
0.000008 2
0.000021 48
0.000014 2
0.000020 48
0.000013 2
0.000015 48
0.000016 50
0.000012 50
0.000012 50
0.000011 50
0.000012 50
0.000012 50
0.000011 50
0.000012 50
0.000012 50
0.000012 50
0.000012 50
0.000011 50
0.000012 50
0.000012 50
0.000012 50
0.000007 2
0.000011 48
0.000011 50
0.000060 10
345.346456 1
0.131579 1
0.259995 1
0.524495 1
0.175643 1
0.139908 1
0.160225 1
0.179733 1
0.080022 1
0.108003 1
0.072239 1
0.859842 1
0.100040 1
0.155992 1
0.187942 1
0.135983 1
0.059923 1
0.360068 1
0.140027 1
0.058006 1
0.162121 1
0.119801 1
0.220320 1
1.219841 1
0.100242 1
0.059706 1
0.368129 1
0.127826 1
0.080166 1
0.251920 1
0.091841 1
0.099901 1
0.108126 1
0.112109 1
0.147997 1
0.091882 1
0.120063 1
0.119770 1
0.108473 1
0.171964 1
0.147766 1
0.071820 1
0.156174 1
0.143789 1
0.008128 1
0.120978 1
0.211123 1
0.099901 1
0.253008 1
0.727399 1
0.559727 10
1.199899 1
0.160082 1
0.240001 1
0.700082 1
0.560099 1
0.159868 1
0.099964 1
0.139963 1
0.167952 1
0.091929 1
0.620071 1
1.640023 1
0.220009 1
0.179957 1
0.099969 1
0.560009 2
0.000104 8
0.520721 1
0.179313 1
0.160161 1
0.239747 1
0.039969 1
0.122410 1
0.878943 1
0.219087 1
0.087558 1
0.101049 1
0.131031 1
0.104045 1
0.115996 1
0.237312 1
0.222997 1
0.119687 1
0.164487 1
0.175774 1
0.099624 1
0.207985 1
0.092234 1
0.099904 1
0.207790 1
0.112104 1
0.068740 1
0.152110 1
0.159625 1
0.219578 1
0.140377 1
0.219715 1
0.200016 1
0.279980 1
0.239944 1
0.119860 1
0.120034 1
0.068018 1
0.212114 1
0.059823 1
0.108129 1
0.072215 1
0.159682 1
0.100018 1
0.207821 1
0.192173 1
0.220136 1
0.100107 1
0.219844 1
0.480082 4
0.199899 4
0.179904 4
0.180406 4
0.679797 1
0.179714 1
0.148257 1
0.111893 1
0.107972 1
0.132297 1
0.187731 1
0.432482 10
7.199810 1
0.187725 1
0.252292 1
0.319721 1
0.139970 1
0.180092 1
0.139867 1
0.100098 1
0.120252 1
0.619765 10
3.480576 1
0.219407 1
0.140117 1
0.059781 1
0.400585 1
0.279554 1
0.119998 1
0.459972 1
0.219955 1
0.380062 1
0.260009 1
0.079427 1
0.180500 1
0.100293 1
0.579628 1
0.120107 1
0.100089 1
0.208052 1
0.091831 1
0.399463 1
0.100459 1
0.260007 1
0.139911 1
0.140189 1
0.099701 1
0.640190 1
0.199571 1
0.460229 1
0.800364 50
0.000732 2
0.000033 48
0.000015 2
0.000023 48
0.000010 2
0.000023 48
0.000009 2
0.000017 48
0.000012 2
0.000026 48
0.000013 2
0.000017 48
0.000009 2
0.000013 48
0.000008 2
0.000013 48
0.000008 2
0.000013 48
0.000008 2
0.000017 48
0.000010 2
0.000012 48
0.000008 2
0.000083 8
31.658782 1
0.200030 1
0.220296 1
0.359657 1
0.140528 1
0.139350 1
0.079894 1
0.100129 1
0.120155 1
0.159972 1
0.205246 1
0.054790 1
0.159888 1
1.360021 1
0.800255 10
1.159803 1
0.190124 1
0.109854 1
0.879935 4
0.163207 4
0.756741 1
0.120104 1
0.119997 1
0.380262 1
0.321903 1
0.157854 1
3.979819 1
0.189164 1
0.210839 1
0.308153 1
0.112349 1
0.179784 1
0.199758 1
0.520550 1
0.103878 1
0.155706 1
0.168083 1
0.202249 1
1.269791 1
0.120236 1
0.199617 1
0.159894 1
0.168044 1
0.140085 1
0.972050 1
0.560004 1
1.121665 1
0.198319 1
0.159948 1
0.620282 1
0.139681 1
0.139986 1
0.168144 1
0.671919 1
0.199888 1
1.100938 1
0.739127 2
0.000748 52
0.000023 2
0.000019 52
0.000010 2
0.000015 52
0.000009 2
0.000023 52
0.000010 2
0.000016 52
0.000009 2
0.000083 8
55.307439 1
0.131786 1
0.427941 4
0.191766 4
1.020303 1
0.159794 1
0.219692 1
0.237400 1
0.126901 1
0.156897 1
0.066766 1
0.093452 1
0.158955 1
0.219983 1
0.768889 1
0.130893 10
2.020278 1
0.259558 1
0.160200 1
0.061785 1
0.397993 1
0.280454 1
0.099950 1
1.019989 1
0.188292 1
0.735766 1
0.371908 1
0.084198 1
0.219830 1
0.120080 1
0.320227 1
0.159685 1
0.140302 1
0.199613 1
0.160149 1
0.340098 1
0.119897 1
0.208235 1
0.191844 1
0.120020 1
0.143896 1
1.435872 1
0.200148 1
1.280034 1
0.359905 1
0.359919 1
0.660341 1
0.759928 50
0.000734 2
0.000041 48
0.000017 2
0.000017 48
0.000009 2
0.000023 48
0.000009 2
0.000023 48
0.000014 2
0.000021 48
0.000009 2
0.000014 48
0.000008 2
0.000015 48
0.000008 2
0.000012 48
0.000008 2
0.000063 48
0.000012 2
0.000022 48
0.000012 2
0.000017 48
0.000008 2
0.000066 8
114.479079 1
0.200806 1
0.278525 1
0.440192 1
0.240204 1
0.139720 1
0.168113 1
0.132166 1
0.079951 1
0.149387 1
0.110550 1
0.139967 1
0.380329 1
0.079666 1
0.100021 1
0.221047 1
0.118902 1
0.060061 1
3.959891 1
0.120060 1
0.099941 1
0.187976 1
0.072374 1
0.139617 1
0.108101 1
0.112153 1
0.139958 1
0.119894 1
0.380078 1
0.219872 1
0.159605 1
0.080663 1
0.119399 1
0.300771 1
0.099760 1
0.079864 1
0.139972 1
0.219588 1
0.180103 1
0.099980 1
1.600160 1
0.359997 1
0.139823 1
0.079986 1
0.088034 1
0.131948 1
0.187949 1
0.212072 1
0.142628 1
0.117257 1
0.188469 1
0.392320 4
0.219938 4
0.700053 1
0.200316 1
0.279511 1
0.260172 1
0.779969 4
0.279678 1
0.080106 1
0.179864 1
1.020128 4
0.181643 4
0.178459 4
0.159769 4
0.160394 4
0.499838 1
0.540204 4
0.240013 1
0.279631 1
0.159979 1
0.108465 1
0.207488 1
0.124577 1
0.039393 1
0.220474 1
0.127602 1
0.152439 1
0.100632 1
0.158901 1
0.160342 1
0.139630 1
0.020105 1
0.139957 1
0.380572 1
0.159407 1
0.120199 1
0.120183 1
1.039627 1
0.140246 1
0.119999 1
0.159658 1
0.148164 1
0.160040 1
0.131559 1
0.120055 1
0.080329 1
0.148132 1
0.131869 1
0.100098 1
0.619778 10
1.259814 1
0.160198 1
0.179770 1
0.180189 1
0.196974 1
0.243167 1
0.640081 1
0.368972 1
0.159132 1
0.131926 1
0.159762 1
0.400306 1
0.187798 1
0.302253 1
0.253855 1
0.208212 1
0.087831 1
0.101405 1
0.178371 1
0.140402 1
0.379805 10
0.879775 1
0.540263 1
0.560373 1
0.494655 1
1.946048 1
0.478425 1
0.699694 1
1.240263 1
0.200954 1
0.199505 1
0.180071 1
0.179978 1
0.159967 1
0.179760 1
0.188213 1
0.911980 15
0.160031 15
0.176199 15
1.383695 10
3.320808 1
0.199491 1
0.179844 1
0.147515 1
0.215457 1
0.757164 2
0.001497 39
2.246119 1
0.320181 1
0.132219 1
0.139804 1
0.920528 8
