0.036264 23
331.959497 1
0.267755 1
7.472436 1
0.000060 1
0.000033 1
0.000030 1
0.000063 1
0.000030 1
0.000031 1
0.000341 1
0.000025 1
0.000022 1
0.000032 1
0.000028 1
0.000033 1
0.000026 1
0.000029 1
0.000029 1
0.000028 1
0.000027 1
0.000031 1
0.000029 1
0.000028 1
0.000184 1
0.000038 1
0.000030 1
0.000151 1
0.000031 1
0.000029 1
0.000119 1
0.000031 1
0.000089 1
0.000079 1
0.000030 1
0.000074 1
0.000069 1
0.000076 1
0.000061 1
0.000080 1
0.000074 1
0.000074 1
0.000075 1
0.000118 1
0.000148 1
0.000092 1
0.000078 1
0.000086 1
0.000076 1
0.000082 1
0.000077 1
0.000543 1
0.000100 1
0.000090 1
0.000083 1
0.000092 1
0.000101 3
0.000083 1
1.515970 25
8.979820 1
0.260316 1
2.547766 1
0.000023 1
0.000015 1
0.000014 1
0.000014 1
0.000024 1
0.000024 1
0.000023 1
0.000015 1
0.000024 1
0.000023 1
0.000020 1
0.000015 1
0.000015 1
0.000015 1
0.851864 25
8.128135 1
0.412039 1
2.617996 1
0.000039 1
0.000027 1
0.000026 1
0.000022 1
0.000016 1
0.000044 1
0.000022 1
0.000016 1
0.000015 1
0.000015 1
0.000014 1
0.000015 1
0.000015 1
0.000015 1
0.000015 1
0.000016 1
0.000015 1
0.000018 1
0.000016 1
1.221165 25
6.100856 1
0.307792 1
2.872052 1
0.000040 1
0.000025 1
0.000022 1
0.000018 1
0.000218 1
0.000024 1
0.000016 1
0.000016 1
0.000144 1
0.000025 1
0.859464 25
412.489336 1
0.299838 1
0.180109 1
0.759957 4
0.220145 4
0.179958 4
0.180887 1
0.159224 1
0.979908 1
0.140107 1
0.220108 1
0.199967 1
0.079811 1
0.100199 1
0.079843 1
0.160101 1
0.228113 1
0.231766 1
0.068333 1
0.071746 1
0.168084 1
0.091955 1
0.159982 1
0.148021 1
0.232734 1
0.659383 1
0.159963 1
0.102305 1
0.137580 1
0.540209 1
0.099830 1
0.160019 1
0.147977 1
0.091938 1
0.268098 1
0.171993 1
0.160101 1
0.147849 1
0.132015 1
0.120057 1
0.140093 1
0.367941 1
0.171891 1
0.500024 4
0.199872 4
0.180253 4
0.159894 4
0.160072 4
0.187965 4
0.172121 4
0.187850 4
0.972029 4
0.500122 1
0.280117 1
0.159812 1
0.148187 1
0.151830 1
0.080015 1
0.400245 1
0.260001 1
0.219718 1
0.199980 1
0.440245 1
0.119810 1
0.159952 1
0.460129 2
0.000304 23
1.959690 1
0.139965 1
0.168189 1
0.132021 2
0.000117 13
0.000019 2
0.000105 23
1.459467 1
0.140184 1
0.140105 1
0.560029 1
0.119870 1
0.100617 1
0.212412 14
0.887306 41
2.259913 1
0.243899 1
0.155980 1
0.148017 1
0.233494 4
1.482715 1
0.304029 1
0.199724 1
0.152209 1
0.208040 1
0.002159 2
1.949661 1
0.600170 4
0.340021 1
0.324335 1
0.000665 3
0.902993 1
0.352225 1
1.439180 4
0.180406 1
0.445007 2
0.714449 2
0.012298 41
0.000449 2
0.000282 30
0.000268 2
0.001285 8
2.925635 1
0.360053 1
0.160575 1
0.060069 1
0.179961 1
0.136007 1
0.644266 2
0.003712 58
0.000277 2
0.000143 58
0.000154 2
0.000227 8
1.295029 1
0.100006 1
0.260105 1
0.139925 1
0.180272 1
0.119814 1
0.140218 1
0.167864 1
0.992104 1
0.119984 1
0.099865 1
0.247946 1
0.552114 2
0.000410 21
0.000453 2
0.000428 17
0.000021 2
0.000011 11
0.000008 2
0.000009 16
0.000010 2
0.000017 54
0.000008 2
0.000080 8
391.876906 1
0.000053 1
0.000044 1
0.000079 1
0.000035 1
0.000030 1
0.000028 1
0.000029 1
0.000038 1
0.000026 1
0.000026 1
0.000028 1
0.000028 1
0.000029 1
0.000029 1
0.000383 1
0.000040 1
0.000029 1
0.000030 1
0.000029 1
0.000030 1
0.000031 1
0.000030 1
0.000031 1
0.000030 1
0.000031 1
0.000029 1
0.000028 1
0.000030 1
0.000043 1
0.000122 1
0.000163 1
0.000035 1
0.000034 1
0.000165 1
0.000036 1
0.000084 1
0.000102 1
0.000091 1
0.000109 1
0.000051 1
0.000165 1
0.000039 1
0.000159 1
0.000040 1
0.000166 1
0.000077 1
0.000111 1
0.000274 1
0.000039 1
0.000039 1
0.000039 1
0.000038 1
0.000038 1
0.000087 1
0.000108 1
0.000118 1
0.000171 1
0.000072 1
0.000099 1
0.000140 1
0.000126 1
0.000127 1
0.000077 1
0.000127 1
0.000075 1
0.000105 1
0.000136 1
0.000131 1
0.000147 1
0.000056 3
0.000471 1
0.000028 1
0.000027 1
0.000028 1
0.000028 1
0.000028 1
0.000028 1
0.000030 1
0.000029 1
0.000031 1
0.000028 1
0.000031 1
0.000030 1
0.000031 1
0.000043 1
0.000029 1
0.000040 1
0.000031 1
0.000030 1
0.000032 1
0.000031 1
0.000032 1
0.000220 1
0.000035 1
0.000043 1
0.000120 1
0.000035 1
0.000125 1
0.000092 1
0.000118 1
0.000134 1
0.000117 1
0.000037 1
0.000126 1
0.000049 1
0.000116 1
0.000112 1
0.000123 1
0.000038 1
0.000140 1
0.000098 1
0.000149 1
3.701643 42
0.000773 2
0.000083 8
21.439776 1
0.160089 1
0.740240 1
0.699968 1
0.099424 1
0.159942 1
0.020398 1
0.148464 1
0.111108 1
0.068678 1
0.231456 1
0.199891 1
0.120111 1
0.121742 1
0.186187 1
0.100487 1
0.172147 1
0.127550 1
0.112344 1
0.119361 1
0.140842 1
0.639900 1
0.199956 1
0.200048 1
0.107487 1
0.112486 1
0.148233 1
0.191277 1
0.120158 1
0.339868 1
0.140082 1
0.108378 1
0.060125 1
0.131460 1
0.240744 1
0.139742 1
0.119458 1
0.099703 1
0.660837 10
2.360276 1
0.199820 1
0.179875 1
1.160316 1
0.119802 1
0.781164 41
1.998948 1
0.100031 1
0.239584 2
0.002974 44
0.000441 2
0.000647 46
0.000242 2
0.000561 49
0.000171 2
0.000983 39
8.134493 1
0.700036 1
0.307492 1
0.152587 1
0.120757 4
1.498641 1
0.248557 1
0.151928 1
0.309162 1
0.000905 3
1.170064 1
0.199936 1
0.343796 1
0.000647 2
1.175713 1
0.306395 4
2.113818 2
0.004517 41
0.000479 2
0.000559 30
0.000238 2
0.001004 8
1.753010 1
0.180173 1
0.159260 1
0.060664 1
0.199765 1
0.108248 1
1.051947 2
0.001542 58
0.000026 2
0.000025 43
0.000014 2
0.000062 8
1.078251 1
0.759987 1
0.300254 1
0.147904 1
0.111897 1
0.139529 1
0.100582 1
1.060079 1
0.260338 1
0.099659 1
0.119810 1
0.226897 1
0.693756 23
0.000023 2
0.000012 31
0.000010 2
0.000009 14
0.000009 2
0.000009 11
0.000008 2
0.000008 18
0.000009 2
0.000014 2
0.000009 2
0.000035 37
0.000014 2
0.000070 8
5.499543 1
0.180506 1
0.239337 1
0.660255 1
0.219190 1
0.760722 10
2.299354 1
0.220463 1
0.260248 1
0.139234 1
0.140715 1
0.167235 1
0.112817 1
0.060049 1
0.059892 1
0.159767 1
0.239813 1
0.208321 1
0.152028 1
0.079942 1
0.227455 1
3.692749 1
0.119934 1
0.099766 1
0.142021 1
0.898592 1
0.119120 1
1.420761 1
0.479926 1
0.068028 1
0.031901 1
0.059960 1
0.039981 1
0.060141 1
0.039906 1
0.060041 1
0.047438 1
0.072469 1
0.028036 1
0.052023 1
0.048283 1
0.051622 1
0.048151 1
0.051342 1
0.040912 1
0.059814 1
0.140061 1
0.167959 1
0.131232 1
0.188692 1
0.972050 5
0.200109 5
0.799902 3
0.500093 3
0.059842 3
0.040168 3
0.067818 3
0.032093 3
0.059711 3
0.040411 3
0.067890 3
0.032017 3
0.059941 3
0.047955 3
0.052251 3
0.047734 3
0.051438 3
0.039903 3
0.060968 3
0.048014 3
0.052156 3
0.047565 3
0.075897 3
0.016178 1
0.240046 1
1.059840 1
0.060234 1
0.159836 1
0.780039 1
2.739965 1
0.120199 1
0.259927 1
0.260851 1
0.179082 1
0.960199 10
2.639944 1
0.159956 1
0.120119 1
0.839410 4
0.180509 4
0.179995 4
0.239663 1
0.581344 1
0.199148 1
0.259355 1
0.100760 1
0.359624 1
0.260298 1
0.180111 1
0.887814 1
0.652190 1
0.500066 1
0.139363 1
0.100736 1
0.179145 1
0.180592 1
0.439321 1
0.120808 1
0.139841 1
0.239552 1
0.180427 1
0.540166 1
0.139845 1
0.119911 1
0.140236 1
0.160122 1
0.147812 1
1.631898 1
0.139349 1
0.840197 1
1.220865 1
1.419894 1
0.659854 1
0.280077 1
0.520109 1
1.339983 34
0.000026 2
0.000064 8
4.020006 33
1.179384 1
0.460454 1
0.040353 1
0.061188 1
0.058585 1
0.028047 1
0.052065 1
0.059261 1
0.040561 1
0.060036 1
0.040114 1
0.047269 1
0.052082 1
0.048053 1
0.052719 1
0.059817 1
0.048163 1
0.051918 1
0.039697 1
0.060254 1
0.039119 1
0.220870 1
0.480047 3
0.287196 3
1.012711 5
0.180006 5
0.739755 5
0.540316 5
0.420245 5
0.679954 5
0.642535 10
5.278249 33
0.359258 1
0.439954 1
0.499606 3
0.880521 7
0.319925 3
0.720152 24
0.000760 2
0.000048 24
0.000014 2
0.000019 28
0.000010 2
0.000015 23
0.000008 2
0.000013 23
0.000008 2
0.000061 8
2.358674 1
0.239773 1
0.100078 1
0.159900 1
0.200438 1
0.199913 1
0.139739 1
0.321463 4
0.218395 4
0.180705 4
0.160060 4
0.179860 4
0.180185 4
0.159874 4
0.179206 1
0.863575 1
0.237461 1
0.359778 1
0.319930 1
0.199318 1
0.120463 1
0.100276 1
0.179863 1
0.307551 1
0.092704 1
0.119347 1
0.187862 1
0.132778 1
0.079329 1
0.100140 1
0.187774 1
0.112708 1
0.199966 1
0.107946 1
0.511616 10
0.800442 1
0.220102 1
0.120021 1
0.159864 1
0.179837 1
0.260208 1
0.140018 1
0.479369 1
0.181129 1
0.239704 1
0.399612 10
0.739552 1
0.200751 1
0.179975 1
0.139406 1
0.208619 1
0.191324 1
0.761825 1
0.138913 1
0.239968 1
0.179752 1
0.279604 1
0.180737 1
0.799803 10
1.459652 12
0.620018 41
0.620990 44
1.159581 58
2.619449 2
0.000248 47
0.000833 2
0.000037 47
0.000019 2
0.000026 47
0.000017 2
0.000056 47
0.000062 2
0.000036 47
0.000017 2
0.000041 47
0.000017 2
0.000030 47
0.000015 2
0.000100 8
2.719147 1
0.209409 1
0.190553 1
0.640110 4
0.199879 4
0.179479 4
0.180755 1
0.699227 1
0.160732 1
0.219970 1
0.359810 1
0.240047 1
0.419425 1
0.340655 1
0.199320 1
0.100144 1
0.119923 1
0.088512 1
0.231548 1
0.140656 1
0.099766 1
0.084012 1
0.335640 1
0.200461 1
0.179434 1
0.140710 1
0.207398 1
0.112131 1
0.380211 1
0.120030 1
0.340101 1
0.307518 1
0.112396 1
0.307553 1
0.132003 1
0.079943 1
0.180575 1
0.979891 1
0.179522 1
2.720134 1
0.220694 1
0.279233 1
0.120117 1
0.140587 1
0.080067 1
0.159814 1
0.116208 1
0.063985 1
0.099955 1
0.147986 1
0.631415 1
0.200606 1
0.119401 1
0.248001 1
0.112002 1
0.220528 1
0.179476 1
0.340498 1
0.219543 1
0.080387 1
0.139540 1
0.259950 1
0.140701 1
0.139348 1
0.200091 1
0.101670 1
0.119260 1
0.519778 1
0.140103 1
0.079145 1
0.140547 1
0.120065 1
1.299502 10
3.808676 1
0.000057 1
0.000032 1
0.000036 1
0.000054 1
0.000026 1
0.000022 1
0.000019 1
0.000021 1
0.000022 1
0.000020 1
0.000019 1
0.000019 1
0.000019 1
0.000019 1
0.000020 1
0.000020 1
0.000023 1
0.000047 1
0.000451 1
0.000035 1
0.000026 1
0.000027 1
0.000028 1
0.000025 1
0.000028 1
0.000028 1
0.000064 1
0.000028 1
0.000025 1
0.000029 1
0.000024 1
0.000025 1
0.000025 1
0.000029 1
0.000028 1
0.000306 1
0.000032 1
0.000030 1
0.000040 1
0.000034 1
0.000118 1
0.000204 1
0.000036 1
0.000033 1
0.000189 1
0.000034 1
0.000157 1
0.000031 1
0.000083 1
0.009399 65
2.039862 2
0.004382 8
2.235232 1
0.160528 1
0.719293 1
0.208589 1
0.212035 1
0.179918 1
0.159984 1
0.188344 1
0.111780 1
0.099799 1
0.108137 1
0.132275 1
0.120868 1
0.060974 1
0.057906 1
0.160094 1
0.220018 1
0.127882 1
0.091530 1
0.100577 1
0.120036 1
0.159893 1
0.119524 1
0.100516 1
0.160005 1
0.160296 1
0.219667 1
0.260168 1
0.120029 1
1.560142 10
1.959949 29
0.579664 140
0.900363 96
0.000029 2
0.000418 225
0.999547 63
1.999540 451
5.379757 1
0.180772 1
3.100226 4
0.180001 4
582.692998 1
0.159470 1
0.459831 1
0.200086 1
0.220624 1
0.159894 1
0.200144 1
0.199483 1
0.059951 1
0.119921 1
0.060721 1
0.299271 1
0.100708 1
0.179325 1
0.100038 1
0.700107 2
0.000194 8
1.159725 1
0.180634 1
0.179511 1
0.179893 1
0.140515 1
0.140111 1
0.200509 1
0.098868 1
0.100460 1
0.160005 1
0.108186 1
0.231898 1
0.179431 1
0.100792 1
0.059866 1
0.119908 1
0.188130 1
0.132032 1
0.068155 1
0.091706 1
0.156272 1
0.623283 1
0.170012 1
0.290586 1
0.160077 1
0.139312 1
0.160052 1
0.180625 1
0.079407 1
0.681597 1
0.000887 1
0.001936 1
0.575575 1
0.160142 1
0.079923 1
0.308431 1
0.131454 1
0.140517 1
2.619634 1
0.668525 1
0.232158 1
0.259384 4
0.199988 4
0.180474 4
0.179281 4
0.481126 1
0.639210 4
0.262698 1
0.257752 1
0.140145 1
0.127495 1
0.072411 1
0.100087 1
0.159883 1
0.120082 1
0.107277 1
0.092059 1
0.148499 1
0.212131 1
0.108059 1
0.111903 1
0.260052 1
0.859902 1
0.160083 1
0.167357 1
0.140817 1
0.931914 1
1.559899 1
0.002200 1
0.000361 1
0.001551 1
0.001915 1
0.001433 1
0.002831 1
0.000055 1
0.000082 1
0.317088 1
0.000048 1
0.731861 1
0.160124 1
0.200581 3
0.580024 239
0.000071 242
0.879971 3
0.159894 1
1.099915 10
7.980293 1
0.000039 1
0.000019 1
0.000060 1
0.000023 1
0.000016 1
0.000014 1
0.000015 1
0.000014 1
0.000014 1
0.000022 1
0.000022 1
0.000016 1
0.000013 1
0.000018 1
0.000024 1
0.000051 1
0.000023 1
0.000024 1
0.000021 1
0.000016 1
0.000014 1
0.000015 1
0.000014 1
0.000015 1
0.000015 1
0.000015 1
0.000016 1
0.000049 1
0.000027 1
0.000017 1
0.000015 1
0.000025 1
0.000027 1
0.000018 1
0.000023 1
0.000017 1
0.000017 1
0.000017 1
0.000016 1
0.000018 1
0.000028 1
0.000027 1
0.000030 1
0.000039 1
0.000018 1
0.000027 1
0.000028 1
0.000019 1
0.000018 1
0.000019 1
0.000011 2
0.000067 34
0.000009 2
0.000027 8
7.179241 1
0.419859 1
0.119237 1
0.100027 1
0.440046 1
0.279973 1
0.180714 1
1.340061 1
0.739877 1
0.299814 1
0.259620 1
0.080088 1
0.220447 1
0.787531 1
0.372525 1
0.120252 1
0.139072 1
0.220292 1
0.320534 1
0.727904 1
0.191619 1
0.108026 1
0.099935 1
0.152653 1
1.039913 1
0.640000 1
0.139929 1
0.099958 1
0.120068 1
0.148825 1
0.471237 1
0.167343 1
0.192057 1
0.279913 1
0.020129 1
0.519961 1
0.840090 1
0.619911 1
0.180045 1
0.140574 1
1.659390 1
1.600360 1
0.340400 1
0.881039 50
0.000020 2
0.000018 48
0.000010 2
0.000014 48
0.000009 2
0.000018 48
0.000008 2
0.000019 48
0.000013 2
0.000014 48
0.000008 2
0.000012 48
0.000008 2
0.000012 48
0.000008 2
0.000071 8
3.558173 1
0.179987 1
0.240386 1
0.479561 1
0.200202 1
0.139909 1
0.200375 1
0.119651 1
0.079920 1
0.259965 1
0.140636 1
0.120098 1
0.559305 1
0.620837 1
1.699134 1
0.040885 1
0.179617 1
0.100305 1
0.219273 1
0.240132 1
0.559874 1
0.179938 1
0.128749 1
0.093216 1
0.158577 1
1.220131 4
0.179547 4
0.180590 4
0.699390 1
0.160751 1
0.147844 1
0.131966 1
0.140082 1
0.119877 1
0.159371 1
0.148874 1
0.111850 1
0.079479 1
0.100598 1
0.179396 1
0.140714 1
0.179837 1
0.640021 1
0.280206 1
0.187879 1
0.507848 4
0.311605 1
0.152412 1
0.207637 1
0.092336 1
0.199995 1
0.859570 2
0.000096 8
4.260569 1
0.199997 1
0.429255 1
0.270591 1
0.259554 1
0.140694 1
0.139193 1
8.440248 1
0.100727 1
0.119379 1
0.239921 1
0.140699 1
1.260008 1
0.195455 1
0.224431 1
0.959416 1
1.000258 1
0.140907 1
0.139493 1
0.280054 1
0.139949 1
1.040085 1
1.820349 1
0.307037 1
0.372821 1
0.260180 1
0.099013 1
1.520846 1
0.459245 1
0.248582 1
0.631873 1
0.120232 1
0.099818 1
0.161954 1
0.086174 1
0.871405 1
0.760539 1
0.120047 1
0.147405 1
0.092745 1
2.059194 1
1.440199 1
0.940607 1
0.240012 1
0.179449 1
0.159883 1
0.888635 1
0.191739 1
0.479745 1
0.140070 1
0.080449 1
0.160005 1
0.147467 1
0.572599 1
2.119639 1
1.660477 2
0.003177 8
1.996826 1
0.186440 1
0.283766 1
0.469277 1
0.200697 1
0.179931 1
0.159599 1
0.240440 1
0.100122 1
0.099666 1
0.107745 1
0.172386 1
0.108028 1
0.052070 1
0.087964 1
0.191355 1
0.780780 1
0.099228 1
0.140889 1
0.120903 1
0.158665 1
0.179706 1
0.260661 1
0.119984 1
1.179892 1
3.260498 4
0.559521 10
1.000088 24
0.639990 80
1.019339 73
0.820031 68
1.780631 2
0.000233 48
0.000841 2
0.000031 48
0.000013 2
0.000019 48
0.000013 2
0.000029 48
0.000012 2
0.000019 48
0.000011 2
0.000018 48
0.000012 2
0.000017 48
0.000011 2
0.000017 48
0.000012 2
0.000079 8
4.599031 1
0.179771 1
0.287369 1
0.452172 1
0.308548 1
0.151904 1
0.099874 1
0.280009 1
0.079542 1
0.120062 1
0.159938 1
0.200634 1
0.120085 1
0.139844 1
0.139535 1
1.028648 1
0.791468 1
0.720630 10
587.233094 1
0.159749 1
0.660414 1
0.315327 1
0.144749 1
0.119628 1
0.100044 1
0.080438 1
0.227686 1
0.173945 1
0.438004 4
0.307646 4
0.732558 1
0.139921 1
0.140081 1
0.139380 1
0.820561 1
0.259606 1
0.140466 1
0.239973 1
0.139957 1
0.120096 1
0.259986 1
0.059749 1
0.160151 1
0.099974 1
0.140087 1
0.079565 1
1.300399 4
0.179497 4
0.800541 1
0.140171 1
0.059948 1
0.140119 1
0.079879 1
0.099855 1
0.520178 1
0.099436 1
0.120612 1
0.239972 1
0.119308 1
0.121001 1
0.539905 4
0.200018 4
0.159136 4
0.180602 4
0.680001 1
0.259924 1
0.119996 1
0.120147 1
0.147232 1
0.152506 1
0.140277 1
0.300100 1
0.039802 1
0.219553 1
0.307916 1
1.272594 1
0.459327 1
0.100473 1
0.200070 1
0.060018 1
0.100003 1
0.899456 1
0.140050 1
0.108060 1
0.152569 1
1.640097 1
0.179932 1
0.248072 1
0.092052 1
0.119947 1
0.840069 1
0.520093 4
1.739874 1
0.405486 1
1.694349 1
0.560194 1
0.340092 1
0.240012 1
0.127994 1
0.251967 1
0.099884 1
1.840200 10
1.120118 1
0.159675 1
0.320042 1
0.528417 1
0.111665 1
0.140125 1
0.179914 1
0.120018 1
0.019458 1
0.160603 1
0.120021 1
0.319880 1
0.220152 1
0.080065 1
0.119809 1
0.060050 1
0.420094 1
0.179199 1
0.060732 1
0.100089 1
0.080014 1
0.227883 1
0.132080 1
0.219408 1
0.088658 1
1.232057 10
1.659770 1
0.940202 1
0.120098 1
0.119985 1
0.560282 1
0.279816 1
0.239760 1
1.696063 1
0.803884 1
0.400150 1
0.180182 1
0.119804 1
0.208581 1
1.131726 1
0.239591 1
0.108246 1
0.131945 1
0.219606 1
0.179999 1
0.380379 1
0.160035 1
0.059454 1
0.200640 1
0.127811 1
0.151958 1
0.900210 1
0.099919 1
0.159861 1
0.100554 1
0.139473 1
1.000188 1
0.400112 1
0.919392 1
0.440612 1
0.379819 1
0.160104 1
0.160263 1
0.359728 1
0.260687 1
0.107471 1
0.251838 1
0.100039 1
0.899951 1
0.840068 1
0.760167 2
0.000234 47
0.000838 2
0.000026 47
0.000012 2
0.000016 47
0.000011 2
0.000075 8
3.238133 1
0.316142 1
0.304378 1
0.340203 1
0.220011 1
0.079587 1
0.160343 1
0.108100 1
0.251927 1
0.208044 1
0.071778 1
0.140167 1
0.059825 1
0.520396 1
0.099966 1
0.119967 1
0.096056 1
0.123633 1
1.760195 10
2.180057 1
0.280111 1
0.127720 1
0.091605 1
0.200694 1
0.119775 1
0.199620 1
6.720795 1
0.219317 1
0.140598 1
0.168125 1
0.151891 1
0.560045 1
0.099819 1
0.139911 1
0.220238 1
0.159391 1
1.260685 1
0.059919 1
1.179320 4
0.860675 1
0.140096 1
0.139921 1
0.147890 1
0.151710 1
1.739840 1
0.124699 1
0.135905 1
0.099407 1
2.460929 1
0.519908 1
0.240173 1
0.419740 1
0.332070 1
0.127390 1
0.619974 4
0.280142 4
0.199805 4
2.060681 1
0.420074 1
0.284941 1
0.134948 1
1.060091 1
0.279280 1
0.300670 1
0.099931 1
0.239613 1
0.120096 1
0.780725 1
1.359721 1
2.259635 2
0.003565 8
1.616993 1
0.200221 1
0.239679 1
0.307970 1
0.192247 1
0.139781 1
0.120093 1
0.139874 1
0.227445 1
0.212562 1
0.100417 1
0.139095 1
0.039897 1
0.220773 1
0.119835 1
0.080015 1
0.103741 1
0.124321 1
0.272353 1
0.039756 1
0.179894 1
0.080130 1
0.159725 1
1.039689 2
0.000117 8
1.040368 23
1.380139 67
2.419537 48
1.900083 69
3.239971 2
0.000426 8
1.560219 1
0.159221 1
0.260772 1
1.155947 1
0.144071 1
0.099510 1
0.240488 1
0.239997 1
0.100142 1
0.139737 1
0.150339 1
0.109088 1
0.360061 1
0.160036 1
0.080609 1
0.147287 1
0.192851 1
0.240062 1
0.103129 1
0.119807 1
0.184847 1
0.111483 1
0.160710 1
0.064684 1
0.195249 1
0.107536 1
0.152585 1
0.147301 1
0.132652 1
0.140462 1
0.959167 10
0.740304 1
0.659603 1
0.100380 1
0.099397 1
0.380648 1
0.279836 1
0.179518 1
1.960375 1
0.288497 1
0.611864 1
0.308017 1
0.152013 1
0.779428 1
0.200428 1
0.440113 1
0.119930 1
0.139856 1
0.199635 1
0.140531 1
0.308037 1
0.151351 1
0.060435 1
0.160219 1
0.147804 1
0.132042 1
1.520238 1
0.080114 1
0.379272 1
0.400566 1
0.380127 1
0.879833 1
0.239488 1
0.740602 1
0.719669 49
0.000756 2
0.000030 47
0.000015 2
0.000020 47
0.000016 2
0.000032 47
0.000016 2
0.000024 47
0.000015 2
0.000023 47
0.000015 2
0.000022 47
0.000016 2
0.000023 47
0.000016 2
0.000089 8
221.463625 1
0.160545 1
0.200137 1
1.019447 1
0.199947 1
0.108510 1
0.052031 1
0.120044 1
0.260124 1
0.100055 1
0.139817 1
0.139595 1
0.260363 1
0.199879 1
0.060416 1
0.079388 1
0.168494 1
0.172020 1
1.539422 1
0.060094 1
0.320351 1
0.060082 1
0.219964 1
0.468108 1
1.332099 1
0.279876 1
0.121720 1
0.158264 1
0.099506 1
0.180634 1
1.159704 1
0.060438 1
0.159159 1
0.088639 1
0.252006 1
0.140000 1
2.625006 1
0.180011 1
0.159454 1
0.880546 1
0.119928 1
0.211308 1
2.628852 1
0.001996 1
0.004086 1
0.003771 1
0.049710 1
0.119868 1
0.135868 1
0.664768 1
0.419338 1
1.140865 10
2.479985 1
0.179909 1
0.220059 1
0.239884 1
0.200008 1
0.139802 1
0.139731 1
0.080534 1
0.140023 1
0.156019 1
0.123871 1
0.120119 1
0.859666 1
0.119836 1
0.100564 1
0.200070 1
0.119928 1
0.221815 1
0.358034 1
0.170192 1
0.097906 1
0.131937 1
0.140126 1
0.219874 1
0.120073 1
0.620106 10
0.719951 25
0.307542 60
0.312532 63
0.559841 59
1.589107 58
1.791317 49
0.000872 2
0.000036 47
0.000035 2
0.000027 47
0.000012 2
0.000036 47
0.000014 2
0.000028 47
0.000017 2
0.000031 47
0.000015 2
0.000027 47
0.000016 2
0.000020 47
0.000011 2
0.000084 8
2.378402 1
0.180308 1
0.219818 1
0.140114 1
0.179263 1
0.140010 1
0.140491 1
0.141022 1
0.218440 1
0.200557 1
0.100139 1
0.120005 1
0.100002 1
0.179454 1
0.128562 1
0.092003 1
0.139918 1
0.120013 1
1.100267 10
4.339718 1
0.520145 1
0.160201 1
0.099752 1
0.188231 1
0.099807 1
0.152255 1
0.759935 1
0.223946 1
0.111911 1
0.172001 1
0.512295 1
2.067925 1
0.094190 1
0.096897 1
0.240798 1
0.199935 1
0.620133 1
0.179912 1
0.060031 1
0.159896 1
0.148207 1
0.152045 1
0.619744 1
0.140109 1
1.139982 1
1.100039 1
0.220221 1
0.199217 1
0.780715 1
0.139922 1
0.240029 1
0.400008 1
0.140133 1
1.759928 1
0.520138 1
0.299753 1
0.560135 1
2.300196 2
0.002283 8
2.431706 1
0.002816 1
0.143153 1
0.730887 1
0.160305 1
0.099942 1
0.119379 1
0.140376 1
0.179986 1
0.180353 1
0.128738 1
0.131241 1
0.199686 1
0.180055 1
0.039897 1
0.100066 1
0.160105 1
0.986404 1
0.001619 1
0.000762 1
0.001953 1
0.002016 1
0.431397 1
0.116079 1
0.959761 10
2.123585 24
0.338005 63
1.098627 48
0.680049 58
1.439694 49
0.001001 2
0.000035 47
0.000032 2
0.000022 47
0.000014 2
0.000069 47
0.000013 2
0.000030 47
0.000014 2
0.000025 47
0.000013 2
0.000074 8
2.899106 1
0.179262 1
1.040488 1
0.440102 1
0.204001 1
0.075531 1
0.139935 1
0.240504 1
0.109129 1
0.131175 1
0.139129 1
0.169475 1
0.371225 1
0.159958 1
0.149036 1
0.130287 1
0.160582 1
0.239591 1
0.160347 1
0.080344 1
0.159812 1
0.139504 1
0.140782 1
0.159864 1
0.199290 1
0.140826 1
0.168411 1
0.091530 1
0.159320 1
0.100639 1
0.520070 10
1074.215132 1
0.160129 1
0.239902 1
16.580333 1
0.219896 1
0.179379 1
0.620108 1
0.200616 1
0.108026 1
0.131925 1
0.060201 1
0.247840 1
0.112199 1
0.099798 1
0.219532 1
0.121002 1
0.187061 1
0.112462 1
0.199996 1
0.519480 1
0.120434 1
0.180120 1
1.020044 4
0.720163 1
0.239252 1
0.220624 1
0.127431 1
0.052438 1
0.120249 1
0.379332 1
0.220265 1
0.140217 1
0.192098 1
0.147530 1
0.100226 1
0.308233 1
0.151975 1
0.180239 1
0.839435 2
0.000196 8
1.719617 1
0.180641 1
0.239908 1
0.839655 1
0.220016 1
0.088643 1
0.191890 1
0.179229 1
0.140986 1
0.159710 1
0.139813 1
0.140279 1
0.219485 1
0.220559 1
0.079923 1
0.120227 1
0.099498 1
1.019638 1
0.200645 1
0.140254 1
0.599757 1
0.139969 1
0.121789 1
0.138184 1
0.139638 1
0.140476 1
0.099817 1
0.260021 1
0.180362 1
0.307700 1
0.171885 1
0.540190 1
0.100037 1
0.659878 1
0.139670 1
1.320471 10
1.219880 1
0.160211 1
0.380133 1
0.759390 1
0.120358 1
0.060039 1
0.248070 1
0.132023 1
0.139629 1
0.119860 1
0.060408 1
0.219589 1
0.200467 1
0.100057 1
0.099817 1
0.147813 1
0.192544 1
0.100088 1
0.139085 1
0.100472 1
0.108074 1
0.215298 1
0.216227 1
0.220631 1
0.159421 1
0.148084 1
0.311808 1
0.101018 1
0.099807 1
0.156033 1
0.323899 1
0.119454 1
0.120357 1
0.100248 1
0.099329 1
0.160095 1
0.080401 1
0.112349 1
0.107826 1
0.139346 1
0.119848 1
0.188463 1
0.112293 1
0.139932 1
0.200208 1
1.479943 10
0.759877 1
0.319995 1
0.079571 1
0.128314 1
0.372278 1
0.319797 1
0.179618 1
1.740331 1
0.728051 1
0.171650 1
0.240121 1
0.080548 1
0.227256 1
0.072575 1
0.819407 1
0.100730 1
0.139870 1
0.219992 1
0.719567 1
1.699847 2
0.000146 48
0.000595 2
0.000027 48
0.000010 2
0.000014 48
0.000011 2
0.000029 48
0.000011 2
0.000014 48
0.000008 2
0.000013 48
0.000008 2
0.000012 48
0.000008 2
0.000011 48
0.000008 2
0.000012 48
0.000007 2
0.000012 48
0.000007 2
0.000016 48
0.000015 2
0.000021 48
0.000008 2
0.000012 48
0.000007 2
0.000011 48
0.000008 2
0.000011 48
0.000008 2
0.000011 48
0.000007 2
0.000011 48
0.000008 2
0.000011 48
0.000008 2
0.000011 48
0.000007 2
0.000011 48
0.000008 2
0.000016 48
0.000012 2
0.000017 48
0.000008 2
0.000014 48
0.000015 2
0.000014 48
0.000008 2
0.000011 48
0.000008 2
0.000013 48
0.000008 2
0.000012 48
0.000007 2
0.000011 48
0.000008 2
0.000010 48
0.000011 50
0.000012 50
0.000016 50
0.000019 50
0.000013 50
0.000047 50
0.000009 2
0.000013 48
0.000007 2
0.000011 48
0.000008 2
0.000011 48
0.000008 2
0.000011 48
0.000007 2
0.000011 48
0.000009 2
0.000010 48
0.000008 2
0.000011 48
0.000008 2
0.000011 48
0.000008 2
0.000010 48
0.000011 50
0.000011 50
0.000066 10
4.259502 1
0.139808 1
0.259814 1
0.467322 1
0.232151 1
0.140370 1
0.699616 1
0.120468 1
0.100137 1
0.219801 1
0.239527 1
0.120806 1
0.100322 1
0.207295 1
0.152320 1
0.139784 1
0.299994 1
0.139397 1
0.200668 1
1.320149 10
1.240151 1
0.159153 1
0.200520 1
0.240275 1
0.199717 1
0.139638 1
0.140696 1
0.039721 1
0.239391 1
0.240712 1
0.179946 1
0.100009 1
0.160125 1
0.147916 1
0.352470 1
0.199045 1
0.108819 1
0.151108 1
0.980675 1
0.139399 1
0.168247 1
0.212550 1
0.179794 1
0.139916 1
0.660035 1
0.199970 1
0.139530 1
0.100570 1
0.139979 1
0.067973 1
0.112085 1
0.120040 1
0.119730 1
0.100123 1
0.040077 1
0.139957 1
0.128197 1
0.091924 1
0.099806 1
0.099987 1
0.319576 1
0.100662 1
0.219596 1
0.308172 1
0.152101 1
0.619552 1
2.300484 2
0.000098 8
1.420571 1
0.059358 1
0.179425 1
0.068064 1
0.172529 1
0.780224 1
0.439751 2
0.000145 8
5.379550 1
0.160794 1
0.199844 1
0.239779 1
0.227868 1
0.151583 1
0.100661 1
0.140241 1
0.219793 1
0.207762 1
0.052133 1
0.119490 1
0.060550 1
0.160112 1
0.120059 1
0.139902 1
0.099965 1
0.120001 1
0.088087 1
0.211467 1
0.080378 1
0.159666 1
0.088308 1
0.132295 1
0.167351 1
0.112108 1
0.099788 1
0.119932 1
0.188051 1
0.113165 1
0.099695 1
0.119944 1
0.199953 1
0.819922 10
3.219378 1
0.280062 1
0.080515 1
0.159611 1
0.128117 1
0.111703 1
0.140677 1
1.779517 1
1.180620 1
0.099891 1
0.175947 1
0.184064 1
0.580127 1
0.059951 1
0.167391 1
0.212643 1
0.099997 1
0.639668 1
0.120459 1
0.079580 1
0.108203 1
0.131460 1
0.109052 1
0.791580 1
0.219564 1
1.488534 1
0.191354 1
0.640765 1
0.139860 1
0.439703 1
0.180522 1
0.119292 1
0.140368 1
2.019661 1
0.239886 1
0.040048 1
0.560063 1
0.220042 1
0.680067 1
0.324529 1
0.495646 1
1.180281 10
1.359356 1
0.140725 1
0.260436 1
0.538942 1
0.220086 1
0.120002 1
0.164491 1
0.103496 1
0.273087 1
0.206969 1
0.071962 1
0.119977 1
0.060654 1
0.199992 1
0.141591 1
0.058578 1
0.079867 1
0.120322 1
0.179497 1
0.100342 1
0.139383 1
0.120442 1
0.139386 1
0.184904 1
0.275685 1
0.120078 1
1.099439 10
1.780514 26
0.520070 66
0.559512 62
0.660414 34
1.320390 52
0.759274 55
0.844543 44
2.256217 50
0.000811 2
0.000027 48
0.000012 2
0.000016 48
0.000009 2
0.000020 48
0.000009 2
0.000014 48
0.000015 2
0.000019 48
0.000009 2
0.000012 48
0.000008 2
0.000012 48
0.000007 2
0.000012 48
0.000035 2
0.000013 48
0.000013 2
0.000019 48
0.000012 2
0.000012 48
0.000009 2
0.000062 8
2.238673 1
0.180090 1
0.279876 1
0.600081 1
0.160203 1
0.120049 1
0.307920 1
0.271809 1
0.140045 1
0.059990 1
0.379925 1
0.120026 1
0.139407 1
0.108122 1
0.092546 1
0.180101 1
0.100089 1
0.159737 1
0.107543 1
0.192474 1
0.140136 1
0.039925 1
0.139470 1
0.120660 1
0.187379 1
0.233920 1
0.198055 1
0.128649 1
1.571507 10
1.999880 1
0.160586 1
0.267499 1
0.452189 1
0.219923 1
0.180519 1
0.139299 1
0.220825 1
0.099654 1
0.099644 1
0.080469 1
0.179426 1
0.160582 1
0.240124 1
0.179326 1
0.399933 1
0.100607 1
0.307568 1
0.152338 1
0.920385 1
3.020090 10
4.699954 1
0.147845 1
0.712282 1
0.180014 1
0.320236 1
0.239636 1
1.000065 1
0.159788 1
0.860223 1
2.939969 2
0.000348 8
1.799751 1
0.179875 1
0.320891 1
0.339253 1
0.200179 1
0.120173 1
0.159489 1
0.020214 1
0.179634 1
0.128274 1
0.072020 1
0.040387 1
0.167872 1
0.315878 1
0.103829 1
0.092045 1
0.080021 1
0.099881 1
0.400199 1
0.679893 1
0.108068 1
0.172921 1
0.258377 1
0.120650 1
1.280177 10
1.319923 24
0.619631 39
0.780490 29
1.080008 59
0.919900 48
1.500282 50
0.000857 2
0.000036 48
0.000019 2
0.000032 48
0.000015 2
0.000028 48
0.000015 2
0.000022 48
0.000014 2
0.000021 48
0.000024 2
0.000022 48
0.000014 2
0.000031 48
0.000013 2
0.000021 48
0.000014 2
0.000022 48
0.000014 2
0.000023 48
0.000014 2
0.000022 48
0.000024 2
0.000021 48
0.000015 2
0.000021 48
0.000024 2
0.000031 48
0.000024 2
0.000021 48
0.000015 2
0.000020 48
0.000024 2
0.000022 48
0.000023 2
0.000033 148
0.000032 50
0.000021 50
0.000021 50
0.000022 50
0.000024 50
0.000023 2
0.000033 148
0.000025 50
0.000020 50
0.000030 50
0.000034 150
0.000023 50
0.000022 50
0.000021 2
0.000020 48
0.000012 2
0.000028 48
0.000015 2
0.000020 48
0.000041 100
0.000022 50
0.000022 50
0.000032 50
0.000031 50
0.000016 2
0.000086 8
2.377560 1
0.179902 1
0.284347 1
0.815795 1
0.288265 1
0.251907 1
0.239263 1
0.259943 1
0.120591 1
0.099915 1
0.119460 1
0.120188 1
0.720458 1
0.139886 1
0.240219 1
0.160071 1
0.499301 4
0.200114 4
0.160608 4
1.539995 4
1.039719 1
0.140209 1
0.099955 1
0.079592 1
0.179866 1
0.309244 1
0.231419 1
0.119919 1
0.059470 1
0.200663 1
0.079851 1
0.119871 1
0.239685 1
0.100510 1
0.140023 1
0.119292 1
0.140524 1
0.900217 1
0.100054 1
0.100986 1
0.307159 1
0.111792 1
0.139557 1
0.699970 2
0.000086 8
133.803342 1
0.179552 1
0.880423 1
0.019784 1
0.860405 4
0.199372 4
0.668720 1
0.211866 1
0.100116 1
0.119411 1
0.099997 1
0.169398 1
0.131133 1
0.119834 1
0.100109 1
0.220105 1
0.119360 1
0.100700 1
0.100955 1
0.206421 1
0.192586 1
0.120082 1
0.239287 1
0.260655 1
0.099448 1
0.120442 1
0.220104 1
0.199766 1
0.108260 1
0.111863 1
0.087651 1
0.252651 1
0.159625 1
0.148065 1
0.152082 1
0.819974 1
0.100119 1
0.159749 1
0.100188 1
0.180053 1
0.039330 1
0.307927 1
0.072900 1
0.119923 1
0.279837 1
0.139593 1
0.140427 1
0.107683 1
0.272417 1
0.139899 1
0.099551 1
0.109621 1
0.210377 1
0.260610 1
2.520125 1
0.359701 1
0.180228 1
0.180012 1
0.060073 1
0.699639 1
0.899585 4
0.240833 1
0.259833 1
0.121144 1
0.139066 1
0.240109 1
0.167573 1
0.332156 1
0.279832 1
0.207943 1
2.772416 10
2.399430 1
0.200558 1
0.259460 1
0.720496 1
0.220001 1
0.099985 1
0.119902 1
0.039634 1
0.240441 1
0.240146 1
0.219923 1
0.119755 1
0.099824 1
1.720667 10
1.759771 1
0.079444 1
0.180678 1
0.139304 1
0.180172 1
0.780543 1
0.859836 2
0.000072 8
1.899365 1
0.121119 1
0.359090 1
0.940482 4
0.316166 1
0.643983 1
0.200002 1
0.107953 1
0.092164 1
0.119837 1
0.088096 1
0.111915 1
0.148021 1
0.231535 1
0.068277 1
0.112310 1
0.639387 1
0.059967 1
0.259841 1
0.180663 1
0.100013 1
0.259883 1
0.220189 1
0.239841 1
0.179673 1
0.160738 1
0.119664 1
0.080053 1
0.228362 1
0.131747 1
0.059953 1
0.120006 1
0.159353 1
0.180089 1
1.060410 1
0.119676 1
1.060457 2
0.000101 8
3.479384 1
0.260582 1
0.179994 1
0.080353 1
0.339281 1
0.347695 1
0.172161 1
1.619899 1
0.117963 1
0.182746 1
0.240153 1
0.119964 1
1.859851 1
0.519509 1
0.500668 1
1.120010 1
1.984510 1
0.003131 1
0.002431 1
0.000489 1
0.029529 1
2.159909 1
0.820199 1
0.099309 1
0.139938 1
0.258140 1
2.162475 1
2.080150 29
0.000899 2
0.000087 8
5.499324 1
0.159853 1
0.279756 1
2.020149 1
0.100082 1
0.079559 1
0.080583 1
0.179807 1
0.127462 1
0.112853 1
0.079784 1
0.219864 1
0.227411 1
0.112198 1
0.100596 1
0.160170 1
0.179834 1
0.140024 1
0.139978 1
0.420041 10
2.119956 1
0.200097 1
0.120170 1
0.907213 4
0.152611 4
0.919994 1
0.359990 1
0.139934 1
0.340013 1
0.307710 1
0.172256 1
4.588198 1
0.112114 1
0.187838 1
0.272305 1
0.079815 1
1.480193 1
0.439239 1
0.320035 1
0.300260 1
1.000547 1
0.680002 1
0.099756 1
0.219927 1
0.148325 1
0.711660 1
0.120614 1
0.139856 1
0.199858 1
0.740057 1
0.820269 12
0.000989 2
0.000038 10
0.000018 2
0.000028 10
0.000018 2
0.000085 8
2.858329 1
0.140248 1
0.259931 1
0.307919 1
0.232207 1
0.147373 1
0.112621 1
0.319848 1
0.179528 1
0.060060 1
0.540419 1
0.219846 1
0.140250 1
0.239848 1
0.260240 1
0.159670 1
0.900074 1
0.199997 1
0.260321 1
0.179164 1
0.160605 1
0.107929 1
0.072158 1
0.199977 1
0.108104 1
0.072065 1
0.119370 1
0.139854 1
0.140747 1
0.239734 1
0.120225 1
0.060042 1
0.759694 1
0.160175 1
0.939549 10
1.940467 1
0.200073 1
0.280008 1
0.241032 1
0.138946 1
0.079573 1
0.039698 1
0.100648 1
0.120180 1
0.140060 1
0.099851 1
0.147994 1
0.131381 1
0.640562 1
0.200232 1
0.060009 1
0.159835 1
0.019433 1
0.200593 1
0.140013 1
0.139769 1
0.100243 1
0.160067 1
0.099436 1
0.940663 1
0.319867 4
0.160076 1
0.660119 1
0.239870 1
0.159885 1
0.039935 1
0.080079 1
0.208029 1
0.632368 10
2.779979 1
0.307840 1
0.471573 1
0.079762 1
1.059727 1
0.002056 1
0.002831 1
1.076146 1
0.379558 1
0.120289 1
0.180179 1
0.180058 1
0.539844 1
0.100457 1
0.139717 1
0.179897 1
0.139936 1
0.556219 1
0.124031 1
0.079349 1
0.139840 1
0.148899 1
0.071629 1
0.940267 1
0.359791 1
0.199355 1
1.340908 1
0.219925 1
0.379972 1
0.200020 1
1.239417 1
0.800424 2
0.000381 8
3.399798 1
0.659348 4
0.620249 1
0.140440 1
0.279477 1
0.760645 1
0.199440 1
0.100437 1
0.119463 1
0.108581 1
0.192078 1
0.139996 1
0.119871 1
0.259492 1
0.128634 1
0.092133 1
3.119918 4
0.259957 4
0.199911 4
0.179739 4
0.180333 4
0.767979 4
0.711675 4
1.261221 1
0.198536 1
0.180903 1
0.079126 1
0.100631 1
0.059609 1
0.256446 1
0.144213 1
0.199844 1
0.107467 1
1.032424 10
1.160085 17
0.360056 56
0.320028 56
0.959920 56
2.516007 56
0.164100 65
1.399943 55
1.959551 12
0.000018 2
0.000022 10
0.000016 2
0.000017 10
0.000013 2
0.000074 8
2.800478 1
0.180245 1
0.307766 1
0.451923 1
0.159678 1
0.059991 1
0.139973 1
0.140454 1
0.239945 1
0.240031 1
0.100940 1
0.058910 1
0.208266 1
0.111368 1
0.140542 1
0.108111 1
0.151933 1
0.099584 1
0.100308 1
0.140047 1
0.579990 1
0.159480 1
1.820141 10
1.600525 1
0.180157 1
0.219311 1
0.460583 1
0.119989 1
0.099916 1
0.128181 1
0.071353 1
0.240840 1
0.199688 1
0.079854 1
0.100198 1
0.099595 1
0.300430 1
0.099400 1
0.225766 1
0.174893 1
0.119960 1
0.119381 1
0.140238 1
0.280307 1
0.220031 1
0.100000 1
0.160049 1
0.920162 1
0.139864 1
0.120153 1
0.163760 1
0.164248 1
0.159899 1
0.231933 1
0.100016 1
0.779489 2
0.000093 8
1.140434 1
0.219411 1
0.328792 1
0.171381 1
1.464456 1
0.004943 1
1.698576 1
0.968859 2
0.002346 8
2.149323 1
0.187983 1
0.212150 1
0.379888 1
0.200108 1
0.119351 1
0.120797 1
0.059833 1
1.159451 1
0.120574 1
0.560079 4
0.200338 4
0.199741 4
1.019299 1
0.240071 1
0.140729 1
0.079359 1
0.096588 1
0.944088 1
0.159289 1
0.116335 1
0.063758 1
0.120020 1
0.260426 10
1.059418 17
0.580701 37
0.659878 39
1.019707 64
0.939940 51
1.520631 12
0.000739 2
0.000028 10
0.000015 2
0.000029 10
0.000014 2
0.000078 8
3.638423 1
0.140632 1
0.280117 1
0.779178 1
0.240146 1
0.140589 1
0.179460 1
0.120383 1
0.099703 1
0.029244 1
0.190714 1
0.120000 1
0.780642 1
0.260093 1
1.139761 2
0.000081 8
3.220066 1
0.139530 1
0.320716 1
0.079773 1
0.079973 1
0.227924 1
0.152075 1
0.099487 1
0.240532 1
0.219628 1
0.120271 1
0.060193 1
0.059827 1
0.659481 1
0.180669 1
0.420210 1
0.139366 1
0.539731 1
0.120518 1
0.339673 1
0.119787 1
0.740272 10
1.200943 1
0.159659 1
0.179791 1
0.167849 1
0.711750 1
0.120460 1
0.319638 1
0.187782 1
0.892298 1
0.440466 51
0.000037 2
0.000068 8
4.259482 1
0.160289 1
0.379583 1
2.239984 1
0.380868 1
0.800063 4
0.219232 4
1.260566 1
0.219932 1
0.101531 1
0.158484 1
0.780076 1
0.119878 1
0.159519 1
0.148600 1
0.131427 1
0.180484 1
0.239467 1
0.160815 1
0.039852 1
0.180524 1
0.099618 1
0.139828 1
0.119979 1
0.099930 1
0.120215 1
0.119938 1
0.159562 1
0.080436 1
0.879974 1
0.180334 1
0.499857 4
0.199899 4
0.440074 1
0.199210 1
0.280846 1
0.179451 1
0.100561 1
0.159818 1
0.120003 1
0.159920 1
0.256304 1
0.283442 1
0.660141 4
0.280347 4
0.748006 1
0.091356 1
0.228654 1
0.133287 1
0.186815 1
0.131701 1
0.160154 1
0.159984 1
0.139864 1
0.280147 1
0.099402 1
2.720492 2
0.000064 8
2.460225 44
0.359554 37
0.600381 30
0.744085 49
0.696122 51
1.579894 12
0.000522 2
0.000025 10
0.000012 2
0.000013 10
0.000009 2
0.000068 8
1227.852125 1
0.160116 1
0.196316 1
0.323123 1
0.800056 1
0.160420 1
0.059955 1
0.220191 1
0.219879 1
0.159891 1
0.150142 1
0.109515 1
0.321706 1
0.198891 1
0.100128 1
0.099796 1
0.079340 1
0.180521 1
0.140090 1
0.100078 1
0.139458 1
0.100457 1
0.580165 1
0.099936 1
0.159851 1
0.179542 1
0.069638 1
0.550923 1
0.099950 1
0.180078 1
2.480179 1
0.059388 1
0.200403 1
0.309045 1
0.138925 1
0.101041 1
1.350775 4
0.659953 1
1.239902 4
0.780906 1
0.159037 1
0.640642 1
0.119811 1
0.208091 1
0.152307 1
1.139729 1
0.059795 1
0.269043 1
0.151252 1
0.179836 1
1.017051 2
0.000145 8
1.902934 1
0.180115 1
0.340181 1
1.179427 1
0.109283 1
0.090597 1
0.308997 1
0.091440 1
0.119650 1
0.139870 1
0.099989 1
0.399984 1
0.220670 1
0.159430 1
0.019926 1
0.129695 1
0.191055 1
0.068966 1
0.110907 1
0.139417 1
0.340330 1
0.208191 1
0.212035 1
0.119984 1
0.101059 1
0.115979 1
0.083007 1
0.420270 1
0.239925 1
0.119805 1
0.097363 1
0.287860 1
0.203387 1
0.100389 1
0.151026 1
0.059890 1
0.120085 1
0.219600 1
0.100432 1
0.140153 1
0.180107 1
0.859751 1
0.099878 1
0.140182 1
0.099948 1
0.340214 1
0.259872 1
0.116933 1
0.082998 1
1.720273 1
0.099793 1
0.180065 1
0.059769 1
0.220113 1
0.109263 1
0.130689 1
0.120070 1
0.919995 1
0.207196 1
0.152843 1
0.280018 1
1.100131 1
0.799159 2
0.000059 8
11.401028 1
0.400148 1
0.059805 1
0.720079 1
0.259694 1
0.100329 1
0.159892 1
0.668106 1
0.301142 1
0.171495 1
0.258706 1
0.059988 1
0.600481 1
1.159720 1
12.289969 1
0.090966 1
0.208768 1
0.111435 1
0.248641 1
0.190522 1
0.128849 1
0.091212 1
0.341014 1
0.087843 1
0.131671 1
0.207416 1
1.212912 1
0.959657 1
1.339920 1
1.179906 1
1.759715 10
1.820033 1
0.160670 1
0.149020 1
1.231382 1
0.259616 1
0.099955 1
0.839849 1
0.464623 1
0.595507 1
0.720151 1
0.599357 1
0.120526 1
0.080118 1
0.219945 1
0.099924 1
0.160398 1
0.188175 1
0.179366 1
0.713050 1
0.099345 1
0.159765 1
1.220211 1
0.279702 1
0.160181 1
0.148762 1
0.111248 1
0.328925 1
0.230934 1
0.259529 1
0.180615 1
0.140007 1
1.019922 1
0.220031 1
0.188630 1
0.370924 1
0.120420 1
0.220024 1
0.328827 1
1.151019 4
0.539632 1
0.200337 1
0.119791 1
0.180505 1
0.320146 1
0.159856 1
1.159937 1
0.279929 1
1.062452 4
0.458032 1
0.316829 1
0.091405 1
0.171632 1
0.099797 1
1.100062 1
2.160206 10
2.799836 1
0.100045 1
0.139960 1
0.110080 1
0.289917 1
0.540095 1
0.279877 1
0.169241 1
0.395067 1
0.175622 1
0.140276 1
0.160040 1
2.080026 1
0.619890 1
0.249007 1
3.371085 1
1.419865 1
0.540049 1
0.628595 2
0.004632 8
5.707124 1
0.159940 1
0.248020 1
0.332225 1
0.216669 1
0.143207 1
0.140393 1
0.068580 1
0.191168 1
0.120279 1
0.024967 1
0.103679 1
0.131119 1
0.240067 1
0.069103 1
0.150987 1
0.119655 1
0.129328 1
0.290567 1
0.320112 1
0.100035 1
0.340094 10
0.920395 1
0.679603 1
0.328957 1
0.151151 1
0.139926 1
0.140036 1
0.119963 1
0.188935 1
0.990941 1
0.100094 1
0.179992 1
0.099961 1
0.680234 1
0.148593 1
0.151867 1
0.098270 1
0.240978 1
0.109030 1
0.131069 1
0.220057 1
0.680045 1
0.199903 2
0.000384 30
0.000023 2
0.000018 50
0.000018 2
0.000020 18
0.000025 2
0.000101 8
4.839541 1
0.240033 1
0.180144 1
0.219797 1
0.199875 1
0.120135 1
0.100005 1
0.100017 1
0.180066 1
0.139890 1
0.100575 1
0.108561 1
0.270952 1
0.139969 1
0.168941 1
0.091092 1
0.100027 1
0.739762 4
0.500149 4
0.040165 4
0.039909 4
0.060042 4
0.048917 4
0.051094 4
0.040255 4
0.068747 4
0.039846 4
0.051052 4
0.060027 4
0.040169 4
0.059856 4
0.039908 4
0.049073 4
0.051045 4
0.039832 1
0.069179 1
0.051020 1
0.039853 1
0.049337 1
0.051150 1
0.048670 1
0.050908 1
0.040037 1
0.060029 1
0.559934 1
0.159899 1
0.220036 1
2.480053 1
0.280702 1
0.159408 1
0.309366 1
0.210728 1
0.120004 1
0.099986 1
0.120011 1
0.188911 1
0.111176 1
0.099789 1
0.120074 1
0.240080 1
0.180014 1
0.129045 1
0.130890 1
0.189101 1
0.371232 1
0.139527 1
1.220157 1
0.640069 1
0.199972 1
0.109106 1
0.150915 1
0.240012 1
0.119988 1
0.220085 1
0.239836 1
0.100082 1
0.640017 10
34.185836 1
0.000041 1
0.000023 1
0.000020 1
0.000018 1
0.000016 1
0.000047 1
0.000026 1
0.000030 1
0.000416 1
0.000018 1
0.000015 1
0.000014 1
0.000014 1
0.000015 1
0.000014 1
0.000014 1
0.000015 1
0.000014 1
0.000015 1
0.000015 1
0.000015 1
0.000015 1
0.000016 1
0.000027 1
0.000052 1
0.000018 1
0.000016 1
0.000095 1
0.000183 1
0.000022 1
0.000017 1
0.000016 1
0.000016 1
0.000017 1
0.000017 1
0.000016 1
0.000191 1
0.000019 1
0.000032 1
0.000089 1
0.000096 1
0.000081 1
0.000093 1
0.000123 1
0.000020 1
0.000118 1
1.613082 50
0.000043 2
0.000080 8
10.520085 1
0.179773 1
0.247956 1
0.252002 1
0.109100 1
0.150984 1
0.060022 1
0.088761 1
0.091144 1
0.100098 1
0.159751 1
0.140139 1
0.029186 1
0.157410 1
0.093508 1
0.340124 2
0.000105 8
0.799971 15
0.459738 72
1.300013 1
0.500089 1
0.060023 1
0.039969 1
0.059951 1
0.047881 1
0.052202 1
0.048831 1
0.051306 1
0.048691 1
0.051138 1
0.049421 1
0.030583 1
0.068807 1
0.051234 1
0.039948 1
0.059909 1
0.048872 1
0.131384 1
0.000041 1
0.028785 1
0.030968 1
0.060045 1
0.059929 1
0.160304 1
0.179720 1
0.260059 3
0.259942 3
0.200184 3
0.219881 3
1.148273 5
0.731987 2
0.003402 8
16.576809 1
0.000044 1
0.000028 1
0.000018 1
0.000017 1
0.000036 1
0.000015 1
0.000015 1
0.000014 1
0.000015 1
0.000332 1
0.000017 1
0.000016 1
0.000064 1
0.000019 1
0.000014 1
0.000018 1
0.000026 1
0.000024 1
0.000027 1
0.000027 1
0.000017 1
0.000015 1
0.000020 1
0.000026 1
0.000020 1
0.000025 1
0.000025 1
0.000016 1
0.000016 1
0.000118 1
0.000184 1
0.000017 1
0.000016 1
0.000016 1
0.000017 1
0.000024 1
0.000028 1
0.000184 1
0.000032 1
0.000019 1
0.000066 1
0.000120 1
0.000020 1
0.000126 1
0.000013 2
0.002613 8
8.375226 1
0.000079 1
0.000045 1
0.000031 1
0.000025 1
0.000025 1
0.000013 1
0.000030 1
0.000026 1
0.000018 1
0.000014 1
0.000014 1
0.000013 1
0.000014 1
0.000014 1
0.000014 1
0.000014 1
0.000014 1
0.000014 1
0.000014 1
0.000016 1
0.000015 1
0.000015 1
0.000018 1
0.000027 1
0.000017 1
0.000015 1
0.000015 1
0.000016 1
0.000024 1
0.000025 1
0.000016 1
0.000026 1
0.000021 1
0.000017 1
0.000024 1
0.000028 1
0.000028 1
0.000018 1
0.000028 1
0.000031 1
0.000018 1
0.000025 1
0.000024 1
0.000020 1
0.000039 1
0.000019 1
0.000018 1
0.000011 2
0.000172 49
0.000014 2
0.000045 8
9.818778 1
0.000057 1
0.000042 1
0.000032 1
0.000040 1
0.000050 1
0.000029 1
0.000476 1
0.000042 1
0.000045 1
0.000032 1
0.000030 1
0.000030 1
0.000030 1
0.000030 1
0.000032 1
0.000031 1
0.000031 1
0.000032 1
0.000031 1
0.000088 1
0.000032 1
0.000130 1
0.000212 1
0.000032 1
0.000031 1
0.000032 1
0.000031 1
0.000032 1
0.000302 1
0.000035 1
0.000034 1
0.000044 1
0.000169 1
0.000037 1
0.000146 1
0.000036 1
0.000035 1
0.000083 1
0.000104 1
0.000099 1
0.000103 1
0.000092 1
0.000612 1
0.000040 1
0.000040 1
0.000024 2
0.002847 8
9.154108 1
0.000041 1
0.000039 1
0.000028 1
0.000030 1
0.000026 1
0.000034 1
0.000027 1
0.000026 1
0.000028 1
0.000029 1
0.000028 1
0.000028 1
0.000028 1
0.000028 1
0.000030 1
0.000042 1
0.000031 1
0.000031 1
0.000031 1
0.000039 1
0.000030 1
0.000032 1
0.000031 1
0.000031 1
0.000032 1
0.000031 1
0.000031 1
0.000032 1
0.000033 1
0.000033 1
0.000035 1
0.000033 1
0.000033 1
0.000034 1
0.000036 1
0.000030 1
0.000032 1
0.000033 1
0.000035 1
0.000035 1
0.000035 1
0.000035 1
0.000037 1
0.000036 1
0.000037 1
0.000037 1
0.000038 1
0.000038 1
0.000038 1
0.000042 1
0.000020 2
0.000224 49
0.000989 2
0.000079 8
8.357228 1
0.000031 1
0.000020 1
0.000018 1
0.000016 1
0.000016 1
0.000017 1
0.000024 1
0.000028 1
0.000019 1
0.000014 1
0.000016 1
0.000025 1
0.000018 1
0.000018 1
0.000023 1
0.000019 1
0.000024 1
0.000020 1
0.000015 1
0.000015 1
0.000014 1
0.000015 1
0.000018 1
0.000068 1
0.000032 1
0.000020 1
0.000016 1
0.000016 1
0.000015 1
0.000027 1
0.000016 1
0.000016 1
0.000016 1
0.000016 1
0.000025 1
0.000025 1
0.000017 1
0.000017 1
0.000016 1
0.000018 1
0.000017 1
0.000017 1
0.000022 1
0.000030 1
0.000022 1
0.000018 1
3.919584 2
0.003402 8
3.596337 1
0.179845 1
0.279471 1
0.460639 1
0.220062 1
0.129128 1
0.070958 1
0.088839 1
0.190992 1
0.159907 1
0.040187 1
0.079918 1
0.099995 1
0.309120 1
0.130886 1
0.099989 1
0.148992 1
0.231012 1
0.109149 1
0.131012 1
0.259722 1
0.100207 1
0.400068 1
0.259926 1
0.140027 1
0.580188 10
2.219681 1
0.468175 1
0.172006 1
0.080121 1
0.379786 1
0.320114 1
0.160134 1
0.960041 1
0.179876 1
0.359927 1
0.268996 1
0.091347 1
0.219625 1
0.420165 1
2.580015 1
0.139856 1
0.560205 1
0.139846 1
0.180073 1
0.159998 1
0.099956 1
0.101004 1
0.328119 1
0.095087 1
0.135885 1
0.179944 1
1.688171 1
0.942970 1
0.898352 24
0.000921 2
0.000036 22
0.000022 2
0.000024 22
0.000016 2
0.000027 22
0.000013 2
0.000020 22
0.000015 2
0.000020 22
0.000014 2
0.000074 8
10.089498 1
0.180090 1
0.200108 1
0.479872 1
0.260281 1
0.188025 1
0.291646 1
0.140135 1
0.140173 1
0.099776 1
0.208988 1
0.251137 1
0.287913 1
0.132112 1
0.120000 1
5.220078 1
0.100111 1
0.259972 1
0.119873 1
0.189117 1
1.111100 1
0.139853 1
0.309088 1
0.070937 1
0.180226 1
0.068931 1
0.090976 1
0.600031 1
0.159748 1
0.060120 1
0.120013 1
0.099918 1
0.139951 1
0.240091 1
0.159965 1
0.428172 1
0.101067 1
0.110873 1
0.149129 1
0.150983 1
0.279885 1
0.099848 1
0.309109 4
0.191061 4
0.200119 4
0.169110 4
0.190846 4
0.179940 4
0.240064 4
0.839978 1
0.220014 1
0.150892 1
0.149311 1
0.239730 1
0.117019 1
0.123155 1
1.399748 1
0.100111 1
0.209076 1
0.211064 1
0.262347 1
0.117599 1
0.308835 1
0.211221 1
0.661165 1
0.098727 1
0.180154 1
0.860831 1
0.139158 1
0.143019 1
0.246122 1
0.051837 1
0.179931 1
0.879445 2
0.000155 8
220.054606 1
0.169923 1
0.669053 1
0.322694 1
0.158284 1
0.089826 1
0.220634 1
0.199986 1
0.079447 1
2.768979 4
0.150985 4
0.730130 1
0.141090 1
0.108829 1
0.080956 1
0.459122 1
0.189055 1
0.110952 1
0.100133 1
0.079803 1
0.500244 1
0.099832 1
0.140258 1
0.179773 1
0.109483 1
0.090548 1
0.300118 1
0.084972 1
0.184142 1
0.154770 1
0.195162 1
0.133865 1
0.126925 1
0.252231 1
0.107862 1
0.149439 1
0.111570 1
0.039930 1
0.258214 1
0.146873 1
0.219004 1
0.172059 1
0.083099 1
0.139810 1
1.740287 1
0.119728 1
0.169079 1
0.152056 1
0.198877 1
1.179137 4
0.310365 4
0.088876 4
2.270721 1
0.211082 1
0.159880 1
0.128145 1
0.257402 1
0.183530 1
0.331043 1
0.060100 1
0.252882 1
0.099990 1
0.806937 1
0.180318 1
0.209218 1
0.250789 1
0.248964 1
0.247988 1
0.087735 1
0.123209 1
1.131836 1
0.060260 1
0.159944 1
0.340038 1
0.133272 1
0.346592 1
0.269163 1
1.670801 2
0.000089 8
4.160090 1
0.159914 1
0.220060 1
0.279999 1
0.220079 1
0.089201 1
0.110853 1
0.059950 1
0.200018 1
0.220149 1
0.099924 1
0.080822 1
0.098810 1
0.260380 1
0.100007 1
0.160147 1
0.141145 1
0.107763 1
0.150709 1
0.160280 1
0.100025 1
0.119658 1
0.140342 1
0.540023 1
0.259830 1
0.100949 1
0.099540 1
0.208556 1
0.091500 1
0.139413 1
0.109284 1
0.130707 1
0.229303 1
0.090941 1
0.279917 1
2.862364 1
0.137800 1
0.139971 1
0.139916 1
0.200016 1
0.160245 1
0.121760 1
0.118099 1
0.279844 1
0.099986 1
0.140115 1
0.199919 1
0.868065 1
0.640248 10
5.511843 1
0.319922 1
0.080250 1
0.319737 1
0.820052 1
0.069053 1
0.190979 1
0.640231 1
0.239962 1
0.148951 1
0.251129 1
0.079764 1
0.600207 1
0.479833 1
0.999896 1
0.140137 1
0.180073 1
0.140213 1
0.208801 1
0.150781 1
0.140044 1
0.189108 1
0.591058 1
0.099906 1
0.160001 1
0.180138 1
0.580104 1
0.719847 1
0.360647 1
2.299509 1
0.822240 10
2.297707 1
0.100210 1
0.179821 1
0.400028 1
0.180181 1
0.119815 1
1.340165 1
0.400040 1
0.599850 1
0.860178 1
0.459755 1
0.100151 1
0.119905 1
0.180118 1
0.099965 1
0.149161 1
0.151809 1
0.238848 1
0.320172 1
0.120872 1
0.208148 1
1.611034 1
0.380089 1
0.119948 1
0.139968 1
0.137179 1
0.222914 1
0.269032 1
0.215840 1
0.144224 1
0.323873 1
0.347066 1
0.220030 1
0.180336 1
0.498611 1
0.163186 1
0.166904 1
2.486037 1
0.125176 1
0.099789 1
0.266973 1
0.233084 1
0.158794 1
1.910213 1
0.737994 1
0.153086 1
0.279962 1
0.128944 1
0.371092 1
0.219787 1
3.040293 1
0.800142 10
1.039899 1
0.119972 1
0.127988 1
0.076878 1
0.135042 1
0.540125 1
0.279824 1
0.140177 1
0.340138 1
0.159836 1
0.215161 1
0.161905 1
1.482847 1
0.773103 1
0.467008 1
0.439409 1
2.080597 1
0.479580 1
0.790150 2
0.003502 8
2.906937 1
0.480349 1
0.459688 1
0.199429 1
0.100394 1
0.120439 1
0.139563 1
0.460134 4
0.200190 4
0.199721 4
0.160242 4
0.179343 4
0.160105 4
0.180518 4
1.137005 1
0.162865 1
0.240208 1
0.332710 1
0.247282 1
0.119906 1
0.158379 1
0.129606 1
0.132001 1
0.119967 1
0.080031 1
0.093111 1
0.135930 1
0.131069 1
0.099895 1
0.160073 1
0.759905 1
0.139981 1
0.359814 1
0.349249 1
0.071209 1
1.319856 2
0.000082 8
15.680390 1
0.148885 1
0.950425 1
0.240172 1
0.140628 1
0.172927 1
0.086934 1
0.156858 1
2.042385 1
0.060911 1
0.177469 1
0.113566 1
0.328906 1
1.719566 1
0.160431 1
0.145112 1
0.094844 1
0.220315 1
0.099245 1
0.149252 1
0.176169 1
0.424448 1
1.719984 32
0.000028 2
0.000019 51
0.000020 2
0.000022 18
0.000014 2
0.000070 8
5.110137 1
0.180096 1
0.309423 1
1.910992 1
0.219545 1
0.172358 1
0.137073 1
0.090522 1
0.230313 1
0.190395 1
0.099242 1
0.040571 1
0.140081 1
0.179435 1
0.100613 1
0.128783 1
0.078064 1
0.132370 1
0.180781 1
0.099319 1
0.159980 1
0.107607 1
0.210174 1
0.102863 1
0.139171 1
0.069904 1
0.156053 1
0.234851 1
0.160135 1
0.148914 1
0.091117 1
0.099863 1
0.129209 1
0.190866 1
0.305604 1
0.074417 1
0.259416 1
0.140683 1
0.139685 1
0.100350 1
0.128793 1
0.291000 1
0.119832 1
0.160362 1
0.139891 1
0.120265 1
0.258857 1
0.121001 1
0.099973 1
0.159844 1
0.099414 1
0.829621 2
0.000086 8
9.671559 1
0.000066 1
0.000063 1
0.000100 1
0.000039 1
0.000029 1
0.000036 1
0.000029 1
0.000027 1
0.000363 1
0.000028 1
0.000028 1
0.000027 1
0.000027 1
0.000028 1
0.000027 1
0.000028 1
0.000028 1
0.000029 1
0.000030 1
0.000030 1
0.000031 1
0.000031 1
0.000031 1
0.000030 1
0.000133 1
0.000189 1
0.000031 1
0.000064 1
0.000109 1
0.000157 1
0.000037 1
0.000103 1
0.000146 1
0.000036 1
0.000213 1
0.000035 1
0.000092 1
0.000121 1
0.000084 1
0.000104 1
0.000158 1
0.000038 1
0.000837 1
0.000042 1
0.000047 1
0.000038 1
0.000048 1
0.000022 2
0.013851 8
7.482305 47
0.002777 8
8.915608 1
0.000112 1
0.000039 1
0.000033 1
0.000029 1
0.000050 1
0.000027 1
0.000036 1
0.000028 1
0.000057 1
0.000348 1
0.000029 1
0.000027 1
0.000028 1
0.000029 1
0.000038 1
0.000029 1
0.000029 1
0.000029 1
0.000048 1
0.000033 1
0.000032 1
0.000040 1
0.000125 1
0.000186 1
0.000033 1
0.000032 1
0.000032 1
0.000246 1
0.000038 1
0.000051 1
0.000238 1
0.000034 1
0.000034 1
0.000180 1
0.000036 1
0.000082 1
0.000123 1
0.000036 1
0.000152 1
0.000037 1
0.000151 1
0.000049 1
0.000138 1
0.000167 1
0.000040 1
0.000132 1
0.000069 1
0.000081 2
0.000187 49
0.000707 2
0.000067 8
9.814042 1
0.000033 1
0.000021 1
0.000014 1
0.000030 1
0.000027 1
0.000016 1
0.000013 1
0.000014 1
0.000024 1
0.000024 1
0.000015 1
0.000014 1
0.000014 1
0.000014 1
0.000014 1
0.000014 1
0.000014 1
0.000014 1
0.000016 1
0.000027 1
0.000031 1
0.000017 1
0.000015 1
0.000050 1
0.000026 1
0.000027 1
0.000017 1
0.000022 1
0.000024 1
0.000026 1
0.000017 1
0.000028 1
0.000020 1
0.000017 1
0.000017 1
0.000022 1
0.000029 1
0.000029 1
0.000019 1
0.000019 1
0.000017 1
0.000031 1
0.000017 1
0.000018 1
0.000022 1
0.000018 2
0.004533 8
7.737731 1
0.000047 1
0.000027 1
0.000022 1
0.000021 1
0.000020 1
0.000038 1
0.000020 1
0.000020 1
0.000348 1
0.000022 1
0.000029 1
0.000021 1
0.000021 1
0.000021 1
0.000021 1
0.000021 1
0.000022 1
0.000022 1
0.000023 1
0.000023 1
0.000023 1
0.000023 1
0.000024 1
0.000023 1
0.000024 1
0.000104 1
0.000189 1
0.000027 1
0.000026 1
0.000030 1
0.000028 1
0.000026 1
0.000230 1
0.000033 1
0.000027 1
0.000028 1
0.000214 1
0.000030 1
0.000080 1
0.000117 1
0.000084 1
0.000124 1
0.000153 1
0.000039 1
0.000060 1
0.000087 1
0.000125 1
0.000031 1
0.000113 1
0.000056 1
0.000069 2
0.000200 49
0.000659 2
0.000064 8
7.915382 1
0.000037 1
0.000029 1
0.000025 1
0.000038 1
0.000042 1
0.000020 1
0.000021 1
0.000020 1
0.000334 1
0.000025 1
0.000021 1
0.000022 1
0.000021 1
0.000021 1
0.000021 1
0.000022 1
0.000021 1
0.000022 1
0.000022 1
0.000024 1
0.000022 1
0.000023 1
0.000023 1
0.000023 1
0.000025 1
0.000111 1
0.000170 1
0.000026 1
0.000026 1
0.000025 1
0.000025 1
0.000230 1
0.000027 1
0.000027 1
0.000162 1
0.000030 1
0.000078 1
0.000115 1
0.000030 1
0.000143 1
0.000030 1
0.000129 1
0.000042 1
0.000133 1
0.000121 1
0.000145 1
0.000095 2
0.003268 8
2.874744 1
0.199818 1
0.299959 1
0.539576 1
0.240414 1
0.139265 1
0.197806 1
0.163093 1
0.160068 1
0.059953 1
0.099985 1
0.180036 1
0.159339 1
0.040057 1
0.108625 1
0.111881 1
0.760059 1
0.120083 1
0.099293 1
0.180746 1
0.246212 1
0.153667 1
0.359207 10
7.200921 1
0.219494 1
0.180513 1
0.128975 1
0.351025 1
0.199545 1
0.169438 1
0.771129 1
0.179535 1
0.480450 1
0.220103 1
0.088462 1
0.211507 1
0.080012 1
1.780039 1
0.120096 1
1.159871 1
0.112111 1
0.207533 1
0.140486 1
0.119459 1
0.160567 1
0.140014 1
0.128419 1
0.371615 1
0.000048 1
0.319814 1
0.960090 1
0.640181 24
0.000036 2
0.000029 22
0.000016 2
0.000021 22
0.000014 2
0.000025 22
0.000014 2
0.000020 22
0.000015 2
0.000028 22
0.000016 2
0.000078 8
5.508691 1
0.250788 1
0.199994 1
1.240370 1
0.239737 1
0.140139 1
0.225089 1
0.115800 1
0.078419 1
0.120808 1
0.219347 1
0.220710 1
0.224865 1
0.143816 1
0.080205 1
0.210892 1
0.180135 1
0.099989 1
0.139866 1
0.068604 1
0.991433 1
0.140056 1
0.259375 1
0.120590 1
0.299913 1
0.080217 1
0.419796 1
0.179496 1
0.280635 1
0.120111 1
0.239956 1
0.099542 1
1.140493 10
91.886999 1
0.001807 1
0.300177 1
1.611139 1
0.200041 1
0.116674 1
0.103173 1
0.060005 1
0.180161 1
0.068341 1
0.371696 1
0.159775 1
0.148588 1
0.151574 1
0.119355 1
0.140770 1
0.128444 1
0.179877 1
0.691626 1
0.100086 1
0.120427 1
0.119288 1
0.080110 1
0.980103 1
0.039917 1
0.189108 1
0.830852 1
0.179645 1
0.140172 1
0.849182 1
0.090980 1
0.140243 1
0.139593 1
0.200323 1
0.148974 1
0.110972 1
0.149008 1
0.289990 1
0.020642 1
0.180423 1
0.159860 1
0.920045 1
0.219990 2
0.000109 8
2.440090 1
0.208961 1
0.150894 1
0.119958 1
0.960307 1
0.279744 1
0.140208 1
0.840007 1
0.200542 1
0.458923 1
0.300466 1
0.107906 1
0.172156 1
0.099994 1
0.500112 1
0.099903 1
0.199394 1
0.160112 1
1.120047 4
0.180455 4
0.416982 1
0.065261 1
0.217268 1
0.128618 1
0.111337 1
0.100442 1
0.220145 1
0.099901 1
0.160061 1
0.180040 1
0.600186 1
0.699412 10
1.420127 1
3.040479 24
0.000700 2
0.000038 22
0.000021 2
0.000024 22
0.000019 2
0.000033 22
0.000009 2
0.000015 22
0.000008 2
0.000014 22
0.000007 2
0.000067 8
51.679627 1
0.160802 1
0.368720 1
0.741017 1
0.109428 1
0.059911 1
0.157632 1
0.262956 1
0.139678 1
0.279730 1
0.100719 1
0.159470 1
2.800687 1
0.239865 1
0.120102 1
0.139427 1
0.239906 1
0.100773 1
0.239821 1
0.119977 1
0.160043 1
0.080118 1
0.099351 1
0.980457 1
0.128148 1
0.180916 1
0.570944 1
0.100062 1
0.259779 1
0.240036 1
0.200225 1
2.940170 1
0.159516 1
0.099901 1
0.140464 1
0.139616 1
0.220508 1
0.100099 1
0.099146 1
0.220668 1
0.140136 1
0.759914 1
0.140255 1
0.199205 1
0.260526 1
0.128005 1
0.111478 1
0.840559 1
0.219986 1
0.080249 1
0.139841 1
0.149168 1
0.110767 1
0.100143 1
0.108986 1
0.150993 1
0.088877 1
0.210547 1
0.080459 1
0.179976 1
0.099447 1
0.060563 1
0.219467 1
0.109772 1
0.030129 1
0.177613 1
2.063340 10
1.399368 1
0.180039 1
0.239984 1
1.780396 1
1.120226 1
0.319827 1
0.159532 1
0.140713 1
0.108740 1
0.150470 1
0.120538 1
0.149513 1
2.878134 2
0.000115 8
0.611830 1
0.197705 1
0.203053 1
1.079309 1
0.180605 1
10.020245 1
0.179903 1
0.179886 1
0.240137 1
0.260157 1
0.139405 1
0.100436 1
0.560187 10
0.699783 1
0.140191 1
1.919766 1
2.119618 1
0.749019 1
1.211225 1
0.188805 1
0.160522 1
0.111111 1
0.739349 1
0.260131 1
0.240690 1
0.760042 4
0.199149 4
0.280146 4
0.760526 1
0.268889 1
0.230942 1
0.220194 1
0.139766 1
0.129158 1
0.831219 10
1.059728 1
0.160219 1
0.259291 1
3.100633 1
0.169195 1
1.531011 1
0.139450 1
0.168835 1
0.331658 1
0.100090 1
0.180026 1
1.319613 10
2.260297 1
0.180139 1
0.328392 1
0.331529 1
0.099444 1
0.109063 1
0.170967 1
0.109357 1
0.151264 1
0.148844 1
0.770498 1
0.220776 1
0.120017 1
0.139869 1
0.208881 1
0.111078 1
0.139883 1
0.220266 1
0.039307 1
0.960125 4
0.159971 4
0.540518 1
0.179877 1
0.180330 1
0.139717 1
0.380116 1
0.100060 1
0.119229 1
0.089637 1
0.151080 1
0.139848 1
0.199509 1
0.109828 1
0.810414 10
1.789418 1
0.651146 1
0.240090 1
0.219743 1
0.069254 1
0.250913 1
0.159847 1
0.149330 1
0.290816 1
0.419413 1
0.640567 10
0.700108 1
0.159906 1
0.261686 1
0.598513 1
0.139991 1
0.759856 1
0.479980 4
0.460118 1
1.020049 1
0.139826 1
0.240095 1
0.199441 1
0.439982 4
0.643542 1
0.260423 1
0.136150 1
0.119752 1
0.621773 2
0.000099 8
80.800022 1
0.003586 1
0.000983 1
0.001927 1
0.001030 1
0.993214 2
0.001090 39
1.838801 1
0.320151 1
0.159918 1
0.139624 1
1.480663 6
0.000598 2
