0.034459 23
3.980665 1
0.219911 1
0.420066 1
0.159934 2
0.000127 13
0.000024 2
0.000108 23
1.039781 1
0.099927 1
0.180084 1
0.839879 1
0.120194 1
0.159992 1
0.119914 1
0.264625 13
1.055541 41
0.939795 1
0.180074 1
0.199957 2
0.003003 44
0.000474 2
0.000239 46
0.000199 2
0.000151 49
0.000165 2
0.000520 39
690.783266 1
0.352087 1
0.779737 1
0.148025 1
0.100206 1
0.380020 1
0.171949 1
0.099882 1
0.099933 1
0.180059 1
0.380127 1
0.348949 1
0.111031 1
0.080002 1
0.119843 1
0.180180 1
0.099724 1
0.120340 1
0.100032 1
0.171382 1
0.388216 4
0.220190 4
0.179742 4
0.160098 4
0.179841 4
0.160035 4
0.819888 1
0.159930 1
0.160158 1
0.099855 1
0.159999 1
0.076424 1
0.404047 1
0.120216 1
0.119859 1
0.307969 1
0.171980 1
0.127999 1
0.112054 1
0.159717 1
0.140161 1
0.219915 1
0.140267 1
0.139721 1
0.140177 1
0.220068 1
0.219853 1
0.140132 1
0.203285 1
0.216531 1
0.180199 1
0.139883 3
0.500015 1
0.260066 1
0.119676 1
0.160375 1
2.220054 41
3.739732 1
0.440249 1
0.839660 1
0.220213 1
0.239938 1
0.160369 1
0.119696 1
0.539482 1
0.220451 1
0.088571 1
0.111053 1
0.188367 1
0.111828 1
0.139750 1
0.100613 1
2.759798 1
0.179734 1
0.100040 1
0.169987 1
0.150500 1
0.139422 1
0.120400 1
0.339605 4
0.220338 4
0.180067 4
0.159593 4
0.180246 4
0.180114 4
0.179801 4
0.680353 1
0.179931 1
0.179918 1
0.140175 1
0.139809 1
0.168128 1
0.111734 1
0.000079 1
0.059697 1
0.060599 1
0.087871 1
1.071815 4
0.180002 4
0.160355 4
0.187444 4
0.512724 1
0.619311 4
0.199999 4
0.699933 1
0.120643 1
0.159692 1
0.219718 1
0.140316 1
0.139552 1
0.100208 1
0.780211 2
0.000183 39
3.719472 1
0.620396 1
0.380779 1
0.000668 1
1.218443 1
0.141063 4
2.458862 1
0.220105 1
0.314071 1
0.000723 4
1.165054 1
0.320220 1
0.346266 1
0.000830 2
1.112957 1
0.319990 4
1.360188 2
0.016030 41
0.000391 2
0.000144 30
0.000133 2
0.001233 8
5.241506 1
0.460166 1
0.119814 1
0.099882 1
0.500049 1
0.360531 1
0.259913 1
0.507787 4
0.240142 4
0.151941 4
0.179808 4
0.160043 4
0.180066 4
0.187694 4
0.151986 1
1.020349 1
0.160144 1
0.500006 1
0.309735 1
0.090292 1
0.159916 1
0.220173 1
0.200006 1
0.219896 1
0.180177 1
0.119301 1
0.100038 1
0.060056 1
0.308151 1
0.112294 1
0.260026 1
0.159482 1
0.108065 1
0.392385 1
0.159904 1
0.147859 1
0.152243 1
0.219946 1
0.159856 1
0.099757 1
0.180426 1
0.099831 1
0.360154 1
0.079484 1
0.160061 1
0.100602 1
0.399331 1
0.300389 1
0.459746 1
0.420455 1
0.247860 1
0.052116 1
0.160111 1
0.281207 1
0.138609 1
0.260024 1
0.140241 1
0.167463 1
0.140139 1
0.152255 1
0.959834 1
0.179932 1
0.259736 1
0.180405 1
0.099419 1
0.140647 1
0.220260 1
0.299797 1
0.140024 1
0.159594 1
0.139886 1
0.999913 4
0.220423 4
0.179569 4
1.079988 4
0.540802 1
0.639680 1
0.100145 1
0.179800 1
0.186925 1
0.133190 1
0.199577 1
0.221544 1
1.258796 1
0.980009 1
0.240100 1
0.160240 1
0.147246 1
0.132641 1
0.739723 10
3.320119 1
0.419840 1
0.180060 1
0.135862 1
0.403798 1
0.339888 1
1.000617 1
0.799949 1
0.240014 1
0.619698 1
0.280100 1
0.120193 1
0.199994 1
0.119815 1
0.740179 1
0.139506 1
0.140339 1
0.200061 1
0.559562 1
0.620455 1
0.296934 1
0.763117 1
0.180001 1
0.140165 1
0.199716 1
0.840177 1
0.279778 1
0.169608 1
0.258492 1
0.551759 1
1.048347 1
0.171973 1
0.134378 1
0.173490 1
0.134061 1
0.038483 1
0.099994 1
0.167327 1
0.132415 1
0.819724 4
0.228050 4
0.192132 4
0.227571 4
1.651901 4
0.840320 1
0.159817 1
0.100233 1
0.139524 1
0.540452 1
0.099695 1
0.120337 1
0.220166 1
3.119450 1
0.560193 1
0.179969 1
0.360319 1
0.840174 1
0.139496 1
0.143929 1
0.224230 1
1.572262 1
0.328608 1
0.130985 1
0.800413 1
0.319561 1
0.180335 1
0.139569 1
0.140045 1
0.220252 1
0.139825 1
0.160340 1
0.139668 1
1.417909 1
0.502467 1
0.859895 1
0.824721 1
0.315312 1
0.200164 1
0.159558 1
0.259975 1
0.160081 3
0.147981 1
0.132364 1
2.099839 1
0.139982 1
0.140063 1
0.259585 1
1.120012 1
0.380232 1
0.139988 1
0.720128 1
0.720273 2
0.003456 33
0.000302 2
0.000103 33
0.000104 2
0.000099 31
0.000081 2
0.000107 32
0.000102 2
0.000085 30
0.000089 2
0.000084 33
0.000093 2
0.000086 38
0.000087 2
0.000077 37
0.000072 2
0.000056 55
0.000067 2
0.000023 35
0.000059 2
0.000022 34
0.000013 2
0.000013 31
0.000008 2
0.000012 38
0.000087 2
0.000072 30
0.000013 2
0.000013 32
0.000009 2
0.000019 32
0.000013 2
0.000015 31
0.000009 2
0.000012 33
0.000014 2
0.000018 35
0.000342 2
0.000025 31
0.000014 2
0.000078 39
0.000010 2
0.000021 37
0.000013 2
0.000016 36
0.000009 2
0.000035 34
0.000138 2
0.000015 37
0.000009 2
0.000011 39
0.000008 2
0.000011 36
0.000008 2
0.000011 36
0.000008 2
0.000020 48
0.000014 2
0.000017 29
0.000009 2
0.000012 32
0.000009 2
0.000021 34
0.000012 2
0.000017 32
0.000008 2
0.000020 35
0.000013 2
0.000017 31
0.000264 2
0.000022 32
0.000013 2
0.000023 33
0.000014 2
0.000024 30
0.000015 2
0.000021 31
0.000015 2
0.000035 34
0.000013 2
0.000019 31
0.000012 2
0.000019 33
0.000013 2
0.000018 37
0.000015 2
0.000094 8
3.792663 1
0.199869 1
0.320048 1
0.399842 1
0.320155 1
0.100188 1
0.107798 1
0.071853 1
0.439748 1
0.139920 1
0.140454 1
0.168033 1
0.132170 1
0.100098 1
0.199710 1
0.259580 1
0.160338 1
0.199580 1
0.100547 1
0.679373 1
0.188502 1
0.131491 1
0.100568 1
0.239835 1
0.140196 1
0.279518 1
0.160609 1
0.159849 1
0.180263 1
0.239709 1
0.120034 1
0.739831 10
0.919742 1
0.260394 1
0.099655 1
0.300435 1
0.182818 1
0.256715 1
0.140802 1
0.139304 1
0.199897 1
0.228401 1
0.840097 10
0.831985 1
0.219932 1
0.179563 1
0.160009 1
0.382487 1
0.253987 1
1.384001 1
0.379862 1
0.379597 1
0.180480 1
0.279989 1
0.199780 1
0.839708 2
0.000079 8
1.120481 12
0.919478 41
0.880519 56
1.319789 108
1.579956 74
0.000418 2
0.000080 72
0.000025 2
0.000026 72
0.000015 2
0.000037 72
0.000015 2
0.000027 72
0.000015 2
0.000024 72
0.000368 2
0.000029 72
0.000015 2
0.000020 72
0.000011 2
0.000018 72
0.000010 2
0.000017 72
0.000011 2
0.000028 72
0.000016 2
0.000021 72
0.000015 2
0.000022 72
0.000014 2
0.000019 72
0.000014 2
0.000021 72
0.000043 2
0.000022 72
0.000015 2
0.000032 72
0.000059 2
0.000023 72
0.000014 2
0.000020 72
0.000013 2
0.000020 72
0.000013 2
0.000019 72
0.000013 2
0.000021 72
0.000018 74
0.000010 2
0.000015 72
0.000016 74
0.000009 2
0.000016 72
0.000009 2
0.000014 72
0.000021 74
0.000013 2
0.000018 72
0.000797 2
0.000034 72
0.000024 74
0.000022 74
0.000022 74
0.000014 2
0.000019 72
0.000017 74
0.000011 2
0.000016 72
0.000017 74
0.000017 74
0.000010 2
0.000015 72
0.000018 74
0.000013 2
0.000023 146
0.000018 74
0.000013 2
0.000020 72
0.000016 74
0.000009 2
0.000091 8
6.257161 1
0.167958 1
0.192105 1
0.868220 1
0.091350 1
0.160151 1
0.180332 1
0.239426 1
0.148506 1
0.091987 1
0.120062 1
0.195956 1
0.183944 1
0.240227 1
0.139538 1
0.060245 1
2.919949 1
0.159482 1
0.100536 1
0.180059 1
0.259416 1
0.120489 1
0.660015 10
283.759744 1
0.160418 1
0.267912 1
1.011957 1
0.119538 1
0.119962 1
0.007969 1
0.172549 1
0.159888 1
0.088227 1
0.111427 1
0.279930 1
0.228399 1
0.112164 1
0.099799 1
0.140158 1
0.147945 1
0.079984 1
0.091941 1
0.080220 1
0.200006 1
0.239653 1
0.127902 1
0.091908 1
0.067916 1
2.112479 1
0.119949 1
0.139950 1
0.120290 1
0.059767 1
0.220127 1
0.120017 1
0.399917 1
0.308152 1
0.191758 1
0.108272 1
0.891893 2
0.000100 8
1.099907 36
0.759876 58
1.479857 108
1.021559 1
0.498590 1
0.059993 1
0.036116 1
0.083924 1
0.019911 1
0.060455 1
0.047754 1
0.051874 1
0.040316 1
0.059756 236
0.039923 1
0.042241 1
0.057655 1
0.068319 1
0.031769 1
0.060192 1
0.039826 1
0.060165 1
0.039872 1
0.059966 1
0.040186 1
0.067721 1
0.032113 1
0.068047 1
0.031829 1
0.060330 1
0.039813 1
0.060007 1
0.048277 1
0.051727 1
0.048019 1
0.051805 1
0.060129 1
0.040066 1
0.048036 1
0.051874 1
0.039906 1
0.060285 1
0.059933 1
0.048019 1
0.051851 1
0.040282 1
0.059765 1
0.049031 1
0.030797 1
0.068077 1
0.060273 1
0.031942 1
0.059977 1
0.040182 1
0.039671 1
0.060039 1
0.068108 1
0.031813 1
0.060079 1
0.040936 1
0.039033 1
0.060061 1
0.068379 1
0.031519 1
0.060153 1
0.039890 1
0.039965 1
0.060032 1
0.060123 1
0.039924 1
0.068981 1
0.031209 1
0.059732 1
0.040033 1
0.059927 1
0.040061 1
0.180059 1
0.228021 1
0.252015 1
0.660092 3
0.307770 3
2.052175 92
0.099896 92
0.179872 92
0.408211 92
0.831975 92
1.300048 5
0.000660 48
0.000020 2
0.000020 48
0.000013 2
0.000202 48
0.000014 2
0.000024 48
0.000015 2
0.000020 48
0.000012 2
0.000018 48
0.000012 2
0.000018 48
0.000011 2
0.000019 48
0.000011 2
0.000111 48
0.000015 2
0.000019 48
0.000013 2
0.000021 48
0.000010 2
0.000016 48
0.000011 2
0.000018 48
0.000010 2
0.000017 48
0.000476 2
0.000028 48
0.000012 2
0.000018 48
0.000012 2
0.000017 48
0.000012 2
0.000018 48
0.000012 2
0.000017 48
0.000052 2
0.000019 48
0.000014 2
0.000017 48
0.000011 2
0.000017 48
0.000009 2
0.000014 48
0.000012 2
0.000030 48
0.000012 2
0.000017 48
0.000011 2
0.000018 48
0.000012 2
0.000014 48
0.000017 50
0.000016 50
0.000018 50
0.000023 50
0.000013 2
0.000018 48
0.000012 2
0.000021 48
0.000018 50
0.000010 2
0.000016 48
0.000019 50
0.000017 50
0.000016 50
0.000016 50
0.000016 50
0.000011 2
0.000015 48
0.000017 50
0.000018 50
0.000018 50
0.000018 50
0.000086 10
102.725251 88
0.000075 50
0.000428 2
0.000031 138
0.000047 58
0.011375 108
0.000068 19
0.000021 2
0.000031 66
0.000044 41
291.760407 4
0.239406 4
0.207999 4
1.880236 4
0.191767 4
0.179986 4
0.168014 4
0.172000 4
0.180000 4
0.179958 4
0.160271 1
0.161634 1
0.187278 1
0.178815 1
1.471880 1
0.268048 1
0.451951 4
0.200124 4
0.920145 1
0.179901 1
0.979925 1
0.139679 1
0.220554 1
0.275815 1
0.223662 1
0.140016 1
0.200359 1
0.228057 1
0.119950 1
0.131387 1
0.080425 1
1.460236 1
0.119952 1
0.320253 1
0.119876 1
0.099900 1
2.139913 1
0.140098 1
0.099838 1
0.080124 1
0.180488 1
0.079500 1
0.180057 1
0.100101 1
0.200193 1
0.099683 1
0.239971 1
0.147951 1
0.112088 1
1.739977 10
1.340032 1
0.168246 1
0.371749 1
13.200138 1
0.099796 1
0.280036 1
0.140317 1
0.099638 1
0.160041 1
0.360057 1
0.139974 1
0.419981 4
0.180099 4
0.720012 1
0.120022 1
0.119861 1
0.099999 1
0.147969 1
0.092148 1
0.179748 1
0.820674 10
8.959300 1
0.368111 1
0.112003 1
0.099883 1
0.379876 1
0.320316 1
0.419906 1
2.460271 1
1.579742 1
0.180010 1
0.960044 1
0.500019 1
4.779937 1
0.719961 1
0.328068 1
0.331882 1
0.348285 1
0.291806 1
0.140044 1
0.079938 1
0.147892 1
0.172004 1
0.340193 1
0.679778 4
0.220275 4
0.179878 4
0.200009 4
1.117960 1
0.382184 1
0.419935 1
0.299963 1
0.219915 1
0.188174 1
0.231084 1
0.100789 1
0.179949 1
0.140165 1
0.879935 1
2.680012 1
0.540051 1
0.335870 1
0.144040 1
0.239940 1
1.568014 1
0.352234 1
0.175640 1
0.092165 1
0.270031 1
0.130035 1
0.798041 1
0.153894 1
0.259982 1
0.180071 1
0.179907 1
0.160364 1
1.579584 1
0.339965 1
0.719884 1
0.760321 65
0.000466 2
0.000031 63
0.000017 2
0.000019 63
0.000010 2
0.000031 63
0.000010 2
0.000019 63
0.000009 2
0.000014 63
0.000008 2
0.000014 63
0.000008 2
0.000013 63
0.000008 2
0.000018 63
0.000013 2
0.000020 63
0.000012 2
0.000025 63
0.000009 2
0.000012 63
0.000008 2
0.000087 8
7.399092 1
0.179722 1
0.280695 1
0.679658 1
0.219965 1
0.127898 1
0.092298 1
0.107054 1
0.112607 1
0.123886 1
0.136158 1
0.319456 1
0.140498 1
0.099754 1
0.160362 1
0.219841 1
0.239929 1
0.168242 1
0.251881 1
0.160093 1
0.120046 1
0.179768 1
0.139837 1
0.120207 1
0.168182 1
0.532018 1
0.139821 1
0.100252 1
0.158171 1
0.149317 1
1.152467 1
0.095801 1
0.151673 1
0.772414 1
0.099688 1
0.880407 4
0.199739 4
0.640068 1
1.000130 1
0.148556 1
0.131276 1
0.280006 1
0.239970 1
0.256048 1
0.184129 1
0.219898 1
0.139706 1
0.266407 1
0.133466 1
0.117489 1
0.102660 1
0.180103 1
0.780564 1
0.099269 1
0.180542 1
0.100517 1
0.098807 1
0.180496 1
0.122694 1
0.117495 1
0.075738 1
0.144117 1
0.248195 1
0.271979 1
0.248834 1
0.191207 1
0.239839 1
0.407969 1
0.320092 1
0.151805 1
0.060001 1
0.700236 1
0.267733 1
0.412192 1
0.239954 3
0.200579 1
0.479306 1
0.387838 1
0.272090 1
0.140221 1
0.239897 1
0.159907 1
0.148181 1
0.151809 1
1.139971 1
0.200858 1
0.219500 1
0.079799 1
0.099900 1
0.208053 1
0.252000 1
0.103251 1
0.216681 1
0.080195 1
0.100004 1
1.139895 1
0.160052 1
0.160003 1
0.260158 1
0.099954 1
0.100054 1
0.139900 1
0.167992 1
0.091843 1
0.260284 1
0.099855 1
0.120004 1
0.199987 1
0.139961 1
0.120156 1
0.219798 1
1.160130 4
0.199793 4
0.200076 4
0.720207 4
0.659407 1
0.160460 1
0.299581 1
0.140349 1
0.139691 1
0.720168 10
261.140773 1
0.199266 1
0.779992 1
0.199833 1
0.200161 1
0.140058 1
0.168008 1
0.192046 1
0.119918 1
0.140252 1
0.059632 1
0.260200 1
0.080038 1
0.199893 1
0.140970 1
0.099214 1
0.360036 1
0.119685 1
0.160328 1
0.147926 1
1.431717 1
0.800160 1
0.160112 1
0.148091 1
0.151825 1
0.080091 1
0.140151 1
0.099766 1
0.160142 1
0.280001 1
0.279895 1
0.139970 1
0.139957 1
0.167885 1
0.952150 10
0.860205 34
1.179816 141
1.720000 82
0.000018 2
0.000026 180
1.939973 1
0.500432 1
0.039445 1
0.060129 1
0.059794 1
0.040241 1
0.108133 2
0.051809 1
0.060139 1
0.079961 1
0.175925 1
0.343973 1
0.180558 1
0.179424 1
0.199925 1
0.180169 1
0.179892 1
0.200046 1
0.207859 1
0.180172 1
0.191807 1
0.180155 1
0.180675 1
0.199519 1
0.479863 1
0.239870 1
0.267929 1
0.700038 1
0.492054 1
1.020096 3
1.260153 5
1.222701 64
0.000021 2
0.000015 62
0.000011 2
0.000013 62
0.000011 2
0.000017 62
0.000010 2
0.000018 62
0.000013 2
0.000025 62
0.000013 2
0.000018 62
0.000013 2
0.000015 62
0.000012 2
0.000015 62
0.000050 2
0.000020 62
0.000013 2
0.000072 62
0.000013 2
0.000023 62
0.000014 2
0.000057 8
231.336529 1
1.660178 4
2.839739 1
0.160293 1
0.279634 1
0.388429 1
0.212403 1
0.067008 1
0.132441 1
0.059980 1
0.448131 1
0.116146 1
0.151074 1
0.112445 1
0.152494 1
2.723740 1
0.104210 1
0.172021 1
0.055440 1
0.124450 1
0.520149 1
0.099394 1
0.088351 1
0.151812 1
0.879847 1
0.156237 1
0.127752 1
1.224392 10
1.379730 1
0.352206 1
0.160127 1
0.059691 1
0.420375 1
0.259376 1
0.200242 1
0.949871 1
0.121179 1
0.409020 1
0.570030 1
0.157757 1
0.040484 1
0.178062 1
0.163057 1
0.174517 1
0.115906 1
0.160404 1
3.328024 1
0.371858 1
0.259977 1
0.180399 1
0.639629 1
0.599936 1
0.164089 1
0.655698 1
0.287905 1
0.172401 1
0.180044 1
0.199973 1
0.183934 1
0.135674 1
0.160253 1
1.980196 1
0.963461 1
0.336158 1
0.200023 1
0.119754 1
0.196631 1
0.143882 1
0.687600 1
0.100168 1
0.132364 1
0.220112 1
0.799536 1
0.459814 12
0.000014 2
0.000011 10
0.000014 2
0.000012 10
0.000007 2
0.000012 10
0.000008 2
0.000010 10
0.000012 2
0.000018 10
0.000012 2
0.000012 10
0.000031 2
0.000019 10
0.000011 2
0.000027 10
0.000012 2
0.000020 10
0.000012 2
0.000026 10
0.000017 2
0.000017 10
0.000010 2
0.000011 10
0.000008 2
0.000010 10
0.000007 2
0.000010 10
0.000008 2
0.000010 10
0.000008 2
0.000010 10
0.000007 2
0.000010 10
0.000008 2
0.000010 10
0.000008 2
0.000010 10
0.000008 2
0.000010 10
0.000007 2
0.000010 10
0.000010 12
0.000011 14
0.000021 10
0.000020 12
0.000019 2
0.000013 10
0.000008 2
0.000009 10
0.000010 12
0.000010 12
0.000010 12
0.000011 14
0.000012 22
0.000010 12
0.000011 14
0.000012 22
0.000010 12
0.000013 24
0.000010 12
0.000012 24
0.000011 12
0.000052 10
3.240153 1
0.159425 1
0.216121 1
0.363509 1
0.120236 1
0.100148 1
0.067736 1
0.192328 1
0.020164 1
0.121743 1
0.214040 1
0.164003 1
0.159689 1
0.100389 1
0.139623 1
0.200439 1
0.120110 1
0.187468 1
0.056115 1
0.184090 1
0.059622 1
0.692570 2
0.000186 8
0.819368 1
0.168315 1
0.171510 1
0.264286 1
0.184268 1
0.131601 1
0.136471 1
0.103945 1
0.279568 1
0.340368 1
0.208101 1
0.071951 1
0.160131 1
0.639475 10
0.860672 13
0.699753 28
1.740247 70
1.599772 1
0.920792 3
0.419172 3
0.187626 3
0.211990 3
0.140733 3
0.139439 3
0.108453 3
1.771266 3
0.240527 3
2.420331 2
0.000205 10
0.000015 2
0.000015 10
0.000012 2
0.000021 10
0.000013 2
0.000016 10
0.000029 2
0.000021 10
0.000012 2
0.000016 10
0.000011 2
0.000024 10
0.000011 2
0.000014 10
0.000011 2
0.000015 10
0.000011 2
0.000015 10
0.000012 2
0.000025 10
0.000012 2
0.000015 10
0.000012 2
0.000063 8
89.418993 1
0.179952 1
0.300284 1
0.499767 1
0.199927 1
0.139990 1
0.140088 1
0.104637 1
0.335412 1
0.079998 1
0.159895 1
0.148122 1
0.179786 1
0.813750 1
0.158482 1
0.160179 1
0.099632 1
0.120223 1
0.120067 1
0.179861 1
2.767927 4
4.332109 1
5.399866 4
0.808098 1
0.191840 1
0.180185 1
0.227947 1
3.303413 1
0.108683 1
0.107907 1
0.171988 1
0.307852 1
0.112109 1
1.280107 1
0.260118 1
0.143910 1
0.215955 1
0.099904 1
1.180042 1
0.099959 1
0.159893 1
0.068103 1
0.131906 1
8.120246 1
0.147848 1
0.211917 1
0.120169 1
0.127855 1
2.272016 2
0.000080 8
2.019843 1
0.600113 1
0.100271 1
0.119355 1
0.380667 1
0.359790 1
0.179798 1
1.036177 1
0.976574 1
0.707390 1
0.799948 1
0.679969 1
0.240144 1
0.147961 1
0.171980 1
4.559975 1
1.470505 1
0.109527 1
0.129211 1
0.170878 1
0.159968 1
1.020245 1
0.287801 1
0.172055 1
3.239825 1
0.288057 1
7.012224 50
0.000428 2
0.000032 48
0.000017 2
0.000021 48
0.000035 2
0.000027 48
0.000014 2
0.000021 48
0.000014 2
0.000020 48
0.000014 2
0.000019 48
0.000012 2
0.000019 48
0.000021 2
0.000019 48
0.000015 2
0.000019 48
0.000013 2
0.000021 48
0.000012 2
0.000018 48
0.000010 2
0.000078 48
0.000476 2
0.000024 48
0.000015 2
0.000020 48
0.000012 2
0.000018 48
0.000013 2
0.000018 48
0.000013 2
0.000019 48
0.000016 2
0.000019 48
0.000012 2
0.000019 48
0.000013 2
0.000018 48
0.000013 2
0.000017 48
0.000013 2
0.000018 48
0.000013 2
0.000018 48
0.000014 2
0.000017 48
0.000014 2
0.000021 48
0.000013 2
0.000018 48
0.000012 2
0.000028 48
0.000013 2
0.000019 48
0.000012 2
0.000023 48
0.000023 2
0.000029 48
0.000022 2
0.000030 48
0.000021 2
0.000030 48
0.000022 2
0.000029 48
0.000020 2
0.000023 48
0.000020 50
0.000018 50
0.000020 50
0.000013 2
0.000018 48
0.000017 50
0.000019 50
0.000018 50
0.000015 50
0.000009 2
0.000014 48
0.000018 50
0.000078 10
21.397956 26
1.719203 1
1.040158 3
0.560024 3
0.160033 3
0.200534 3
0.159606 3
0.140048 3
0.099789 3
0.985339 3
0.294780 3
1.079996 2
0.000209 48
0.000332 2
0.000025 48
0.000015 2
0.000020 48
0.000014 2
0.000026 48
0.000013 2
0.000022 48
0.000014 2
0.000021 48
0.000013 2
0.000021 48
0.000015 2
0.000021 48
0.000014 2
0.000021 48
0.000015 2
0.000021 48
0.000386 2
0.000027 48
0.000014 2
0.000021 48
0.000014 2
0.000103 8
266.998622 1
0.180037 1
0.260047 1
0.467457 1
0.231990 1
0.100449 1
0.139920 1
0.048021 1
0.891936 1
0.079951 1
0.099858 1
0.141697 1
0.106529 1
0.251907 1
0.723755 1
0.216313 1
0.280155 1
0.139836 1
0.059855 1
0.479909 1
0.200347 1
0.115851 1
0.084014 1
0.119602 1
0.108536 1
0.231806 1
0.137488 1
0.142603 1
0.079780 1
0.088323 1
0.191854 1
0.068140 1
0.151959 1
0.060022 1
0.119876 1
0.260174 1
0.559791 4
1.499901 1
0.099772 1
0.121222 1
0.135300 1
0.083945 1
0.100467 1
0.143340 1
0.096240 1
0.099931 1
0.140135 1
0.219324 1
0.240579 1
0.100122 1
0.119482 1
0.160323 1
0.120149 1
0.159353 1
0.560484 1
0.119894 1
0.160208 1
0.080036 1
0.619877 10
2.879877 1
0.380053 1
0.080379 1
0.119574 1
0.540198 1
0.319748 1
0.608161 1
7.471963 1
0.099998 1
0.124920 1
0.215248 1
0.320046 1
0.219924 1
0.119887 1
0.120099 1
0.139864 1
1.580261 1
0.139778 1
0.248527 1
1.071432 1
0.140183 1
0.140048 1
0.160052 1
0.160096 1
0.099465 1
0.148241 1
0.591940 1
0.100368 1
0.139194 1
0.200364 1
1.580218 1
0.219867 1
0.120180 1
0.119929 1
0.140278 1
0.279590 1
1.100117 1
0.199532 1
0.120557 1
0.219844 1
0.147827 1
1.092169 1
0.139867 1
0.144687 1
0.196936 1
0.158837 1
0.559811 1
0.180363 1
0.179399 1
0.140174 1
0.099994 1
2.959935 1
1.876085 1
0.123960 1
0.120045 1
0.199969 1
0.160053 1
0.307888 1
0.152124 1
0.179951 1
0.140109 1
0.147752 1
0.132057 1
0.120161 1
0.140064 1
0.579907 1
0.143319 1
0.096359 1
0.240481 1
0.299956 1
0.327785 3
0.151976 1
1.579968 1
0.339955 1
0.120151 1
0.120020 1
0.239876 1
0.620558 1
0.499619 1
0.179890 1
0.619991 1
0.359889 1
0.140163 1
0.100074 1
0.120313 1
0.199697 1
0.139778 1
0.119937 1
0.100025 1
1.560280 1
0.679901 1
0.327917 1
0.912072 1
0.180018 1
0.159897 1
0.168096 1
0.179489 1
0.092611 1
0.139877 1
0.119802 1
0.240126 1
0.120053 1
0.140132 1
0.259780 1
0.880042 1
0.279548 1
0.160522 1
0.559922 1
0.520242 1
0.139773 1
0.219939 1
0.179991 1
0.127919 1
0.153077 1
0.780172 1
0.218539 1
0.880498 1
0.860234 25
0.000062 2
0.000030 23
0.000017 2
0.000023 23
0.000024 2
0.000029 23
0.000439 2
0.000042 23
0.000016 2
0.000026 23
0.000016 2
0.000024 23
0.000016 2
0.000023 23
0.000016 2
0.000025 23
0.000017 2
0.000024 23
0.000017 2
0.000022 23
0.000014 2
0.000023 23
0.000015 2
0.000100 8
119.878568 1
0.180272 1
0.599829 1
0.179997 1
0.100008 1
0.159842 1
0.100019 1
0.080027 1
0.180089 1
0.087498 1
0.092073 1
0.060247 1
0.460173 1
0.139515 1
0.140228 1
0.100300 1
0.100554 1
0.227262 1
0.231787 1
0.100295 1
0.100073 1
0.219860 1
0.199733 1
0.080173 1
0.100262 1
0.127951 1
0.331722 1
0.140343 1
0.200038 1
0.107669 1
0.156537 1
1.235353 1
0.140261 1
0.100147 1
0.100094 1
0.119838 1
0.659722 1
0.100175 1
0.119737 1
0.120027 1
0.080248 1
0.180089 1
0.139461 1
0.120762 1
0.099904 1
0.099795 1
0.719836 10
2.499643 1
0.400506 1
0.100368 1
0.119777 1
0.468048 1
0.351438 1
0.220698 1
1.747427 1
0.332186 1
1.667667 1
0.152404 1
0.100092 1
0.100023 1
1.460054 1
0.719790 1
1.460787 1
0.419120 1
0.199732 1
0.124320 1
0.096176 1
0.140068 1
1.161276 1
0.418532 1
0.199528 1
0.120726 1
0.219881 1
0.139986 1
2.120079 1
0.099802 1
0.140198 1
0.239944 1
0.240066 1
0.628014 1
0.291999 1
2.100140 1
0.999855 1
0.359964 1
0.860004 1
0.159413 1
0.180447 1
0.100030 1
0.119963 1
0.120007 1
1.120115 1
0.180049 1
0.179728 1
0.228194 1
1.492205 1
0.440013 1
0.139683 1
0.200262 1
0.179803 1
0.127540 1
0.112470 1
0.160110 1
0.148036 1
0.171892 1
0.127491 1
0.132474 1
0.201899 1
0.697941 1
0.420205 1
0.267493 1
0.132513 1
0.840585 1
0.346954 1
1.191759 1
0.228797 1
0.151916 1
1.159843 1
0.308179 3
0.292265 1
0.079639 1
2.479633 1
0.280311 1
0.180168 1
0.179640 1
0.140038 1
0.200372 1
0.159919 1
0.119308 1
0.120142 1
0.779925 1
0.521601 1
0.399099 1
4.859945 1
0.825329 1
0.454767 1
0.159884 1
1.479901 1
0.440112 1
0.100018 1
0.219805 1
0.179642 1
0.120605 1
0.139692 1
0.560222 1
0.240526 1
0.979255 1
0.700229 25
0.000018 2
0.000015 23
0.000014 2
0.000016 23
0.000013 2
0.000025 23
0.000018 2
0.000019 23
0.000015 2
0.000028 23
0.000014 2
0.000024 23
0.000016 2
0.000022 23
0.000017 2
0.000026 23
0.000013 2
0.000016 23
0.000013 2
0.000017 23
0.000018 2
0.000019 23
0.000011 2
0.000083 8
295.959135 1
0.320346 1
0.819985 1
0.080203 1
0.419843 1
0.308934 1
0.191204 1
1.079770 1
0.224031 1
0.236048 1
0.240001 1
0.080105 1
0.219705 1
0.060208 1
0.327561 1
0.128573 1
0.163980 1
0.199400 1
0.140309 1
0.439958 1
0.160240 1
0.059995 1
0.199879 1
0.108047 1
0.132092 1
1.259791 1
0.119979 1
0.500055 1
0.279990 1
0.159747 1
0.139948 1
0.100474 1
0.207887 1
0.100188 1
0.231788 1
0.199611 1
0.948409 1
0.411654 1
0.244337 1
0.721499 1
1.754520 1
0.840078 54
0.000031 2
0.000031 52
0.000016 2
0.000023 52
0.000014 2
0.000027 52
0.000021 2
0.000029 52
0.000013 2
0.000019 52
0.000012 2
0.000019 52
0.000011 2
0.000058 52
0.000015 2
0.000019 52
0.000012 2
0.000080 8
15.799618 1
0.351777 1
0.976041 1
0.652101 1
0.080002 1
0.107980 1
0.132006 1
0.188447 1
0.171525 1
0.079867 1
0.568508 1
0.099718 1
0.259969 1
0.139813 1
0.180040 1
0.052061 1
0.180024 1
0.360007 1
0.219969 1
0.139984 1
0.100133 1
0.140265 1
0.139585 1
1.108130 1
0.112023 1
0.099839 1
0.320205 1
0.100612 1
0.179288 1
0.215844 1
0.152226 1
0.111902 1
0.119859 1
0.280173 1
0.159795 1
0.100012 1
0.076235 1
0.203984 1
0.179974 1
1.180112 1
0.239919 1
0.147796 1
0.072025 1
0.540325 1
0.319795 1
0.139977 1
0.779997 1
0.600081 4
0.519941 1
0.119926 1
0.140227 1
0.247830 1
0.113150 1
0.098672 1
1.220029 1
0.099933 1
0.180213 1
0.059791 1
0.159962 1
0.628385 1
0.110015 1
0.209808 1
0.111954 1
0.139985 1
0.780209 1
0.700083 1
0.100163 1
0.779710 1
0.279930 1
0.119954 1
0.140028 1
1.080233 1
0.327595 3
0.132257 1
0.139783 1
0.099977 1
0.160174 1
1.000072 1
0.219800 1
0.328141 1
0.312156 2
0.000136 8
232.659585 1
1.059912 1
0.100042 1
0.120142 1
1.659920 1
0.920136 4
0.340025 1
0.247731 1
0.112115 1
2.400080 1
0.600056 1
0.189009 1
0.150823 1
1.440084 1
0.180169 1
0.147943 1
0.111947 1
0.340218 1
0.439885 1
0.099962 1
0.139823 1
0.668082 1
0.272044 1
1.359885 1
0.580182 1
1.559951 1
0.399976 1
0.180068 1
0.307780 1
1.032035 1
0.140114 1
0.280053 1
2.139745 1
0.160039 1
0.148160 1
0.239956 1
0.011820 1
0.520266 1
0.379974 1
0.720300 1
0.699745 1
0.280060 1
0.140008 1
0.119873 1
0.880176 1
0.219851 1
0.140205 1
0.379842 1
0.307736 1
0.972080 1
0.380006 1
0.300001 1
0.080020 1
0.228155 1
0.092073 1
0.308926 1
0.150887 1
0.140075 1
0.348150 1
0.351753 1
1.000778 1
0.099434 1
0.215999 1
0.163836 1
0.148139 1
0.111773 1
0.560293 1
0.187868 1
0.612029 1
0.740396 25
0.000034 2
0.000029 23
0.000018 2
0.000021 23
0.000015 2
0.000026 23
0.000016 2
0.000022 23
0.000014 2
0.000021 23
0.000014 2
0.000020 23
0.000015 2
0.000021 23
0.000015 2
0.000022 23
0.000015 2
0.000020 23
0.000014 2
0.000022 23
0.000014 2
0.000033 23
0.000015 2
0.000090 8
6.119097 1
0.139820 1
0.220087 1
0.500010 1
0.119921 1
0.480097 10
1.399999 1
0.159926 1
0.240111 1
0.319898 1
0.240089 1
0.128085 1
0.112206 1
0.139876 1
0.068870 1
0.112335 1
0.318439 1
0.219943 1
0.140330 1
0.199960 1
0.079914 1
0.640187 10
0.759720 15
0.727899 1
0.552107 16
0.728097 72
1.011959 1
0.488057 1
0.032061 1
0.060306 1
0.047536 1
0.060018 1
0.040026 1
0.060853 1
0.040107 1
0.058901 1
0.048006 1
0.052181 1
0.042237 1
0.049873 1
0.047910 1
0.052100 1
0.039925 1
0.067852 1
0.051926 1
0.048685 1
0.039431 1
0.060030 1
0.040072 1
0.051867 1
0.076020 1
0.023957 1
0.047944 1
0.060150 1
0.059980 1
0.032123 1
0.059873 1
0.039787 1
0.048146 1
0.066149 1
0.045674 1
0.048315 1
0.053243 1
0.046452 1
0.052155 1
0.040510 1
0.067649 1
0.059836 1
0.032111 1
0.048183 1
0.051561 1
0.048137 1
0.060335 1
0.051625 1
0.048068 1
0.171929 1
0.199940 1
0.300135 3
0.307914 3
0.220251 3
1.252069 25
0.000531 2
0.000037 23
0.000021 2
0.000022 23
0.000014 2
0.000027 23
0.000014 2
0.000020 23
0.000013 2
0.000028 23
0.000015 2
0.000020 23
0.000016 2
0.000018 23
0.000015 2
0.000020 23
0.000013 2
0.000018 23
0.000013 2
0.000019 23
0.000014 2
0.000018 23
0.000013 2
0.000071 8
2.158685 67
1.400090 1
0.479861 1
0.060342 1
0.040001 1
0.067887 1
0.031765 1
0.060242 1
0.047939 1
0.051960 1
0.047845 1
0.052105 1
0.048056 1
0.060127 1
0.031821 1
0.060093 1
0.047804 1
0.060262 1
0.051929 1
0.039961 1
0.056495 1
0.051686 1
0.059703 1
0.040243 1
0.051837 1
0.039887 1
0.040259 1
0.059845 1
0.059849 1
0.040284 1
0.059912 1
0.047803 1
0.052101 1
0.040158 1
0.059839 1
0.050223 1
0.049874 1
0.039832 1
0.059994 1
0.048176 1
0.052049 1
0.059861 1
0.048247 1
0.051820 1
0.048320 1
0.051824 1
0.041480 1
0.058420 1
0.048123 1
0.051730 1
0.040196 1
0.060073 1
0.047854 1
0.172022 1
0.428039 3
0.319877 3
0.300225 3
0.171711 3
0.220122 3
0.740048 5
1.459949 2
0.000636 24
0.000031 2
0.000035 24
0.000020 2
0.000029 24
0.000020 2
0.000040 24
0.000015 2
0.000026 24
0.000009 2
0.000013 24
0.000008 2
0.000013 24
0.000008 2
0.000012 24
0.000012 2
0.000032 24
0.000012 2
0.000014 24
0.000008 2
0.000013 24
0.000008 2
0.000010 24
0.000014 2
0.000086 8
192.838922 1
0.399844 1
0.120263 1
0.119919 1
0.421367 1
0.306555 1
0.131979 1
0.600142 1
0.579965 1
0.279905 1
0.240063 1
1.279894 1
0.540073 1
0.379912 1
0.280166 1
1.619861 1
0.928086 1
0.411863 1
1.556131 1
0.463788 1
0.260182 1
0.139962 1
0.600078 1
0.079809 1
0.320215 1
0.155862 1
0.984103 1
1.680092 1
5.619879 1
0.440125 1
0.900003 1
0.319829 1
0.220012 1
0.162777 1
0.357182 1
0.600111 1
8.760081 1
0.420011 1
0.323808 1
0.244086 1
0.192746 1
0.619312 4
0.639894 1
1.020007 1
0.440035 1
0.420153 1
0.239751 1
3.020104 1
0.368102 1
0.291903 1
0.180134 1
0.939823 1
0.220138 1
0.139912 1
0.099903 1
0.260069 1
0.180017 1
0.180006 1
0.979957 1
0.307876 1
1.013470 1
1.018678 1
0.140028 1
0.960163 1
0.579957 1
0.879985 1
0.207898 1
0.174086 1
0.097974 1
0.227850 1
0.192290 1
0.159926 1
1.539977 3
1.368853 240
0.000197 24
0.000465 2
0.000030 22
0.000010 2
0.000016 22
0.000009 2
0.000058 8
29.150488 1
1.799651 1
0.279898 1
0.520076 1
0.140071 1
0.400096 1
0.459836 2
0.000156 8
145.428053 1
0.151814 1
0.260393 1
0.719882 1
0.059797 1
0.149032 1
0.110812 1
0.108359 1
0.172006 1
0.179771 1
0.080224 1
0.187724 1
0.212311 1
0.119883 1
0.099945 1
0.179960 1
0.227957 1
0.032054 1
0.148009 1
0.127574 1
0.784514 1
0.219955 1
0.120005 1
0.359905 1
0.200172 1
0.107712 1
0.172662 1
0.139452 1
0.180024 1
0.480137 1
0.227743 1
0.132162 1
0.139922 1
0.127935 1
0.092254 1
0.139890 1
0.139862 1
0.102387 1
0.377761 1
0.128441 1
0.951398 1
0.180177 1
0.179785 1
0.100182 1
0.139955 1
0.140303 1
0.179500 1
0.600372 10
4.339820 1
0.220020 1
0.160095 1
0.100035 1
0.359844 1
0.279991 1
0.179975 1
2.120138 1
0.520103 1
0.799868 1
0.600032 1
1.039957 1
0.221443 1
0.758498 1
0.440223 1
0.415631 1
1.524111 1
0.960051 1
0.280073 1
0.980172 1
0.819800 1
2.839886 1
1.579964 1
1.120266 1
0.667670 1
3.232123 1
0.920095 1
0.720186 1
1.239641 1
1.020176 1
0.180035 1
0.579897 1
0.480263 1
2.359733 1
1.580130 1
2.259782 1
0.760201 60
0.000428 2
0.000035 58
0.000021 2
0.000023 58
0.000017 2
0.000067 8
128.259252 1
0.199929 1
0.309169 1
3.798959 1
0.131952 1
0.100059 1
0.120210 1
0.139830 1
0.180086 1
0.207770 1
0.072114 1
0.199943 1
0.220116 1
0.099869 1
0.140122 1
0.139942 1
0.199892 1
0.120292 1
0.099931 1
0.099738 1
0.280271 1
0.127873 1
0.811970 1
0.134617 1
0.085433 1
0.228009 1
0.191799 1
0.160043 1
0.140081 1
0.079940 1
0.139915 1
0.140527 1
0.139547 1
0.140069 1
0.168344 1
0.112789 1
0.098780 1
0.400084 1
0.099993 1
0.159963 1
0.108371 1
0.151620 1
0.140359 1
0.119596 1
0.140107 1
0.239898 1
0.440268 10
2.860133 1
0.315750 1
0.064105 1
0.120171 1
0.419668 1
0.309133 1
1.630887 1
1.080027 10
2.920041 1
0.327989 1
1.951879 1
0.660186 1
3.528219 1
0.651626 1
0.260110 1
0.559761 1
1.280371 1
0.799875 1
0.347980 1
0.532041 1
2.259937 4
0.859961 1
0.179927 1
1.000256 1
0.199871 1
2.979894 1
0.520042 1
1.759862 1
1.200191 1
0.460078 1
0.240028 1
0.219728 1
1.748445 1
1.271807 1
0.999796 1
1.520105 1
0.640013 1
2.000082 10
1.139792 27
0.979886 1
0.262112 1
0.278129 1
0.260041 1
0.199910 1
0.219872 1
0.504219 1
0.044167 1
0.060817 1
0.030940 1
0.060005 1
0.039992 1
0.044052 1
0.069837 1
0.046105 1
0.180055 1
0.220067 1
0.199978 1
0.204062 1
0.173803 1
0.205509 1
0.186394 1
0.210224 1
0.239949 1
1.140003 5
0.483059 5
0.636808 3
0.220249 3
0.201213 3
0.178631 3
0.181030 3
0.184408 3
0.154776 3
0.339917 3
0.559982 1
0.959986 5
0.900164 5
0.719832 3
0.210088 3
0.189763 3
0.200017 3
0.248061 3
1.172080 3
1.314401 5
0.593533 5
0.691964 3
0.220030 3
0.199862 3
0.160549 3
0.179547 3
0.140087 3
0.220103 3
0.180100 3
1.167877 11
0.411885 7
0.627990 3
0.212161 3
0.159821 3
0.899879 2
0.000100 8
1.740127 27
1.219970 1
0.288063 1
0.291930 1
0.499951 1
0.039797 1
0.060365 1
0.039783 1
0.068203 1
0.031839 1
0.068122 1
0.031910 1
0.059973 1
0.047950 1
0.052073 1
0.067155 1
0.040713 1
0.032057 1
0.248122 4
0.031832 1
0.040226 1
0.039993 1
0.339848 1
0.840102 3
1.400097 5
0.759696 5
0.848234 3
0.171918 3
0.160001 3
0.199971 3
0.200018 3
0.182083 3
2.138358 3
0.799571 5
0.420127 5
0.767956 3
0.331729 3
0.240057 3
0.307895 3
1.072255 3
0.200010 3
1.100605 5
0.315335 9
0.703940 3
0.220026 3
0.160058 3
0.180072 3
0.188035 3
0.151900 3
0.219870 3
0.260217 3
2.080115 11
0.307981 9
1.351633 3
0.307991 3
0.232297 3
1.259887 10
1.360237 27
1.039830 1
0.499876 1
0.040078 1
0.060150 1
0.039828 1
0.059995 1
0.042464 1
0.057752 1
0.039729 1
0.059964 1
0.039932 1
0.160060 1
0.220083 1
0.399823 1
0.200071 1
0.199957 1
0.189052 1
0.190938 1
0.200093 1
0.180108 1
0.200079 1
0.200143 1
0.179756 1
0.199884 1
0.748274 1
1.151887 5
0.799939 3
0.219971 3
0.240117 3
0.219796 3
0.220130 3
0.199854 3
0.940178 3
1.120262 5
0.419711 3
0.302281 3
0.177844 3
0.239829 3
0.200048 3
0.239866 3
0.240723 3
1.299445 3
1.180174 5
0.159964 5
0.619975 5
0.219892 5
0.909949 3
0.190057 3
0.179780 3
0.160198 3
0.200046 3
0.180008 3
1.059760 3
0.660295 3
0.780017 9
0.167986 9
0.691913 5
0.187948 5
0.791963 3
1.248060 3
0.832032 4
0.879875 1
0.820181 96
0.000477 2
0.000042 94
0.000019 2
0.000029 94
0.000011 2
0.000096 8
8.139201 1
0.120013 1
0.139983 1
0.148126 1
0.076034 1
0.075702 1
0.268241 1
0.911881 2
0.000111 8
3.099972 1
0.220129 37
0.000031 2
0.000080 8
206.913716 12
0.000396 1
0.425593 1
0.120198 1
0.099851 1
0.319940 1
0.328050 1
0.111934 1
0.660067 1
0.147860 1
0.272025 1
0.219921 1
0.060038 1
0.188276 1
0.151830 1
0.420081 1
0.180000 1
0.139935 1
0.239995 1
0.181456 1
0.288419 1
0.130178 1
0.079823 1
0.180150 1
0.128151 1
0.131753 1
1.660015 1
0.100262 1
0.139708 1
0.108303 1
0.131854 1
0.407911 1
0.180240 1
0.151843 1
0.159739 1
1.280426 1
0.259977 1
1.079836 1
0.282066 1
0.178331 1
0.136498 1
1.783105 1
2.175945 1
0.663816 1
0.400369 410
23.399717 1
0.180121 1
0.060092 1
0.139952 1
0.323955 1
0.716004 4
0.199984 4
0.180094 4
0.180023 4
0.159914 4
0.187961 1
0.152465 1
56.619749 1
0.507627 1
0.140198 1
0.091824 1
0.400296 1
0.247859 1
0.171977 1
0.647837 1
0.212701 1
0.979517 1
0.220314 1
0.099502 1
0.220220 1
0.079884 1
0.940014 1
0.079786 1
0.100278 1
0.227971 1
0.072417 1
0.339673 1
0.099702 1
0.120157 1
0.159845 1
0.148378 1
0.071782 1
0.619910 1
0.100189 1
0.099884 1
0.099972 1
0.120065 1
0.379885 1
0.160016 1
0.180108 1
0.160039 1
0.140049 1
0.728094 1
1.411752 1
0.839868 1
0.260279 1
0.507977 1
0.051776 1
0.888184 4
0.152132 4
1.507945 1
0.712019 50
0.000380 2
0.000044 48
0.000012 2
0.000015 48
0.000008 2
0.000021 48
0.000009 2
0.000016 48
0.000008 2
0.000018 48
0.000008 2
0.000014 48
0.000008 2
0.000012 48
0.000008 2
0.000013 48
0.000008 2
0.000015 48
0.000008 2
0.000013 48
0.000010 2
0.000013 48
0.000008 2
0.000011 48
0.000008 2
0.000061 48
0.000452 2
0.000061 8
43.618596 40
0.840095 1
0.219930 1
2.859907 9
0.820480 5
0.159880 5
2.100414 5
1.599559 50
0.000526 2
0.000049 48
0.000024 2
0.000022 48
0.000009 2
0.000031 48
0.000023 2
0.000022 48
0.000206 2
0.000019 48
0.000008 2
0.000026 48
0.000014 2
0.000021 48
0.000008 2
0.000013 48
0.000009 2
0.000019 48
0.000013 2
0.000013 48
0.000008 2
0.000012 48
0.000007 2
0.000011 48
0.000008 2
0.000011 48
0.000010 2
0.000022 48
0.000012 2
0.000018 48
0.000012 2
0.000022 48
0.000013 2
0.000022 48
0.000014 2
0.000439 48
0.000010 2
0.000012 48
0.000008 2
0.000011 48
0.000008 2
0.000011 48
0.000008 2
0.000011 48
0.000008 2
0.000012 48
0.000007 2
0.000016 48
0.000015 2
0.000069 8
214.858174 1
0.000166 7
0.000044 1
0.000065 1
0.000063 3
0.000542 1
0.000027 1
0.000023 1
0.000041 1
0.000035 1
0.000035 1
0.000025 1
0.000025 1
0.000025 1
0.000024 1
0.000025 1
1.818498 18
0.000306 2
0.000034 16
0.000016 2
0.000017 16
0.000008 2
0.000063 8
1.199528 24
0.679841 1
0.220084 1
0.180176 1
0.199984 1
0.520032 1
0.700021 1
0.940053 17
0.220060 17
0.279965 17
0.220110 17
0.859642 13
0.220230 13
0.179884 13
0.128770 13
1.011124 2
0.000149 16
0.000509 2
0.000037 16
0.000020 2
0.000023 16
0.000014 2
0.000081 8
397.219271 1
0.379964 1
0.160039 1
0.100002 1
0.379975 1
0.259930 1
0.139945 1
0.980243 1
0.199885 1
0.559918 1
0.240071 1
0.119764 1
0.220324 1
0.119901 1
0.339975 1
0.192151 1
0.109300 1
0.226505 1
0.192141 1
0.680140 1
0.142207 1
0.117891 1
0.119785 1
0.195969 1
1.611910 1
1.460070 1
0.240252 1
0.171704 1
0.439861 1
0.560123 1
0.219976 1
0.760027 1
0.499862 1
1.560212 1
0.327859 1
0.152042 1
0.139852 1
0.168173 1
1.311966 1
0.560120 1
0.159733 1
0.100050 1
0.100135 1
0.340045 1
3.380494 1
0.179492 1
0.180087 1
0.139762 1
0.980212 1
0.967930 1
1.792068 1
3.852037 1
0.467780 1
1.880108 1
0.899965 1
1.560071 50
0.000314 2
0.000026 48
0.000013 2
0.000020 48
0.000012 2
0.000087 8
13.119320 1
0.160061 1
0.199998 1
0.639976 1
0.180151 1
0.779849 1
0.100012 1
0.120189 1
0.100379 1
0.219527 1
0.079803 1
0.200592 1
0.119470 1
0.128740 1
0.131582 1
0.139904 1
0.340160 1
0.219756 1
0.140874 1
0.099153 1
0.128128 1
0.131848 1
0.120000 1
0.140033 1
0.099789 1
0.220112 1
0.265536 1
0.154527 1
0.099963 1
0.220349 1
0.159578 1
0.100147 1
0.140179 1
0.499764 1
0.120195 1
0.140013 1
0.719836 10
84.579707 36
0.960452 80
6.439660 1
0.500003 1
0.060235 1
0.039901 1
0.060151 1
0.059945 1
0.039885 1
0.047879 1
0.072064 1
0.027998 1
0.052000 1
0.060146 1
0.187997 1
0.211980 1
0.200100 1
0.221428 1
0.438499 1
0.667794 1
1.852277 5
0.219922 5
0.307947 5
1.520277 5
0.140045 5
4.011697 50
0.000023 2
0.000019 48
0.000049 2
0.000021 48
0.000021 2
0.000023 48
0.000022 2
0.000023 48
0.000009 2
0.000025 48
0.000012 2
0.000016 48
0.000008 2
0.000012 48
0.000019 2
0.000018 48
0.000010 2
0.000012 48
0.000008 2
0.000013 48
0.000010 2
0.000020 48
0.000014 2
0.000018 48
0.000012 2
0.000013 48
0.000008 2
0.000011 48
0.000008 2
0.000011 48
0.000008 2
0.000011 48
0.000007 2
0.000013 48
0.000013 2
0.000017 48
0.000012 2
0.000012 48
0.000007 2
0.000012 48
0.000007 2
0.000011 48
0.000008 2
0.000011 48
0.000008 2
0.000010 48
0.000007 2
0.000017 48
0.000020 50
0.000010 2
0.000011 48
0.000012 50
0.000011 50
0.000011 50
0.000011 50
0.000011 50
0.000011 50
0.000011 50
0.000011 50
0.000011 50
0.000011 50
0.000011 50
0.000011 50
0.000012 50
0.000006 2
0.000011 48
0.000012 50
0.000093 50
0.000010 2
0.000011 48
0.000011 50
0.000083 10
64.868868 1
0.250143 1
0.119966 1
0.119803 1
0.419934 1
0.520088 4
0.199983 4
0.200121 4
0.180584 4
0.159188 4
0.260086 1
0.160175 1
1.679841 1
0.200096 1
0.240051 1
0.579796 1
0.228186 1
0.307959 1
0.531964 1
0.120055 1
0.199813 1
0.160413 1
0.111683 1
0.139904 1
3.628174 1
0.052174 1
0.159638 1
0.120049 1
0.059999 1
0.160161 1
0.100080 1
0.379762 1
0.180168 1
0.079862 1
0.189227 1
0.079976 1
0.118818 1
0.151909 1
0.160390 1
0.120127 1
0.879513 1
0.219981 1
2.100116 10
0.720039 1
0.160034 1
0.240048 1
0.308921 1
0.151105 1
0.099814 1
0.140142 1
0.139843 1
0.168087 1
0.212279 1
0.079586 1
0.237262 1
0.272541 1
0.090207 1
0.100002 1
0.180063 1
0.308971 1
0.211136 1
0.140048 1
0.099832 1
0.140057 1
0.107953 1
0.140134 1
0.111842 1
1.340734 1
0.575391 1
0.211891 1
0.220185 1
1.219980 4
0.152049 4
0.679796 1
1.008237 1
0.151711 1
0.220357 1
0.179923 1
0.939729 10
1.928166 1
0.299847 1
0.100088 1
0.116096 1
0.375889 1
0.359972 1
0.159970 1
2.799946 1
0.240069 1
0.327973 1
0.232053 1
0.087781 1
0.220293 1
0.139886 1
0.332119 1
0.159954 1
0.120069 1
0.239682 1
0.180119 1
0.700124 1
0.100018 1
0.119878 1
0.188161 1
0.091977 1
0.108246 1
1.051695 1
0.159995 1
0.179820 1
0.500110 1
0.260258 1
0.199772 1
0.720113 4
0.180055 1
0.593332 1
0.187000 1
0.219368 1
0.100356 1
0.340118 1
1.099875 1
0.159862 1
1.068028 1
0.299970 1
0.119851 1
0.132224 1
0.707937 1
1.771886 1
1.320143 1
0.800110 49
0.000400 2
0.000031 47
0.000016 2
0.000021 47
0.000015 2
0.000034 47
0.000015 2
0.000026 47
0.000278 2
0.000031 47
0.000014 2
0.000025 47
0.000013 2
0.000020 47
0.000014 2
0.000019 47
0.000011 2
0.000016 47
0.000011 2
0.000015 47
0.000011 2
0.000016 47
0.000015 2
0.000016 47
0.000011 2
0.000072 8
4.378791 1
0.199902 1
0.307951 1
0.520224 1
0.251860 1
0.199952 1
0.139941 1
0.740163 2
0.000106 8
80.939939 1
0.199765 1
1.780235 1
0.239643 1
0.180109 1
0.128107 1
0.092318 1
0.099685 1
0.309234 1
0.098686 1
0.171935 1
0.120076 1
0.139995 1
1.119935 1
0.200065 1
0.120197 1
0.187804 1
0.032176 1
0.179788 1
0.100142 1
1.020219 4
0.200607 4
0.399133 1
0.159939 1
0.120108 1
0.188980 1
0.632976 1
0.137848 1
0.420156 10
2.360120 1
0.239777 1
0.120020 1
0.128121 1
0.451800 1
0.360253 1
0.180043 1
2.119816 1
0.200784 1
1.204163 1
0.195231 1
0.119783 1
0.188213 1
0.092259 1
0.279622 1
0.120075 1
0.160013 1
0.220029 1
0.140032 1
0.588416 1
0.171423 1
0.060117 1
0.140115 1
0.199641 1
0.060319 1
1.699602 1
0.120234 1
0.139995 1
0.479919 1
0.228314 1
1.851801 1
1.280055 1
0.599822 1
0.148069 1
0.372111 1
0.179651 1
0.160371 1
1.279633 1
0.280091 1
0.160062 1
0.920144 1
0.307823 1
0.172000 1
0.499961 1
0.160588 1
0.639501 1
0.940206 1
3.887677 2
0.000281 48
0.000018 2
0.000033 48
0.000012 2
0.000012 48
0.000008 2
0.000024 48
0.000013 2
0.000019 48
0.000018 2
0.000013 48
0.000008 2
0.000013 48
0.000008 2
0.000076 8
6.639325 1
0.152464 1
0.239879 1
1.599737 1
1.500381 1
0.539897 1
0.220001 1
0.459771 1
0.160179 1
0.459999 1
0.159852 1
0.100215 1
0.159981 1
0.147961 1
0.232481 1
0.139592 1
0.067722 1
0.172085 1
0.119959 1
0.941003 1
0.259222 1
0.148061 1
0.951915 1
0.288053 1
0.131815 1
0.180222 1
0.079712 1
0.082268 1
0.117646 1
0.196326 1
0.184081 1
0.099731 1
1.000081 2
0.000120 8
2.379823 1
0.627871 1
1.792063 1
0.100021 1
0.360016 1
0.327966 1
0.132169 1
1.779792 1
0.240145 1
0.400105 1
0.259800 1
0.062529 1
0.217618 1
0.140160 1
0.499868 1
0.119871 1
0.140157 1
0.199989 1
0.102703 1
1.037195 1
0.180180 1
0.080644 1
0.139232 1
0.139968 1
0.120132 1
1.979788 1
0.259983 1
0.140408 1
0.559739 1
0.527672 1
1.180547 1
0.511576 1
0.299973 1
0.140311 1
0.139738 1
1.708098 1
0.431817 1
0.100094 1
0.840156 1
0.420010 1
0.500020 1
0.340033 1
0.659986 1
0.179954 1
0.179892 1
0.840123 1
0.839669 1
0.160823 1
0.619613 1
0.719865 1
0.459911 1
1.259963 1
0.400128 1
0.148077 1
0.159927 1
1.371963 1
0.307925 1
0.171854 1
2.160507 1
0.452164 1
0.427642 1
0.259799 1
0.600126 1
0.140141 1
0.887913 1
0.879622 1
0.732097 1
0.100340 1
0.879761 1
0.180057 1
0.180164 1
0.579998 1
1.939613 1
0.740529 50
0.000338 2
0.000038 48
0.000204 2
0.000030 48
0.000015 2
0.000036 48
0.000014 2
0.000029 48
0.000024 2
0.000029 48
0.000014 2
0.000022 48
0.000015 2
0.000108 8
97.198698 1
0.180226 1
0.679783 1
0.220015 1
0.140032 1
0.168035 1
0.172204 1
0.099866 1
0.100045 1
0.060147 1
0.559650 1
0.059855 1
0.220407 1
0.139772 1
0.100178 1
0.219801 1
0.100036 1
0.160770 1
0.107164 1
0.852167 1
0.199964 1
1.507922 10
20.152130 12
0.000072 1
0.587846 1
0.180179 1
0.111781 1
1.819996 4
0.199878 4
0.180107 4
0.168029 4
0.151846 1
0.180034 1
1.028149 21
0.619998 98
1.411908 62
1.299840 72
5.088362 1
0.640126 1
0.531767 1
0.259941 1
0.220120 1
0.219936 1
0.240469 1
0.224450 1
0.215001 1
0.240012 1
0.179927 1
0.200138 1
0.179839 1
0.200149 1
0.180198 1
0.179985 1
0.207947 1
0.171723 1
0.220130 1
0.199882 1
1.164351 9
0.595905 5
0.160079 5
0.800092 5
2.087720 50
0.000074 2
0.000020 48
0.000013 2
0.000017 48
0.000012 2
0.000018 48
0.000008 2
0.000012 48
0.000009 2
0.000011 48
0.000008 2
0.000013 48
0.000007 2
0.000012 48
0.000008 2
0.000011 48
0.000008 2
0.000021 48
0.000011 2
0.000017 48
0.000009 2
0.000012 48
0.000008 2
0.000011 48
0.000007 2
0.000012 48
0.000007 2
0.000011 48
0.000011 2
0.000020 48
0.000011 2
0.000014 48
0.000008 2
0.000011 48
0.000008 2
0.000011 48
0.000008 2
0.000011 48
0.000008 2
0.000013 48
0.000008 2
0.000011 48
0.000008 2
0.000011 48
0.000008 2
0.000011 48
0.000008 2
0.000011 48
0.000008 2
0.000011 48
0.000008 2
0.000011 48
0.000008 2
0.000011 48
0.000008 2
0.000011 48
0.000009 2
0.000020 48
0.000012 2
0.000014 48
0.000008 2
0.000011 48
0.000008 2
0.000011 48
0.000008 2
0.000012 48
0.000007 2
0.000011 48
0.000008 2
0.000011 48
0.000008 2
0.000011 48
0.000008 2
0.000011 48
0.000008 2
0.000011 48
0.000009 2
0.000019 48
0.000011 2
0.000109 8
5.350911 1
0.180024 1
0.260114 1
0.839999 1
0.100038 1
0.119841 1
0.060220 1
0.179877 1
0.199894 1
0.199900 1
0.120249 1
0.060052 1
0.279966 1
0.147851 1
0.312167 1
0.148055 1
0.187889 1
1.244043 4
0.220119 4
0.180004 4
0.187690 4
0.252224 4
1.119925 1
0.360061 1
0.143735 1
0.184079 1
0.919992 1
0.092048 1
0.307939 1
0.128119 1
0.183935 1
0.099977 1
0.228223 1
0.247763 1
0.163993 1
0.039974 1
0.139996 1
0.079909 1
0.460355 1
0.099760 1
0.139971 1
0.039940 1
0.159991 1
0.120144 1
0.099916 1
0.100281 1
0.047770 1
0.239944 1
0.112311 1
0.099791 1
0.040135 1
0.219792 1
0.200180 1
0.159852 1
0.099845 1
0.120292 1
0.199681 1
0.108252 1
2.759711 10
0.992186 48
0.307889 76
1.240016 51
0.672274 98
2.839898 1
0.219933 1
0.239982 1
0.199964 1
0.240320 1
0.227962 1
0.212097 1
0.219804 1
0.199858 1
0.280086 1
0.528917 1
0.030989 1
0.040198 1
0.059727 1
0.040326 1
2.539633 1
0.500206 1
0.040004 1
0.059797 1
0.040069 1
0.059894 1
0.040204 1
0.069562 1
0.038441 1
0.052085 1
0.047850 1
0.051866 1
0.047999 1
0.052016 1
0.040125 1
0.060546 1
0.039416 1
0.060069 1
0.039954 1
0.059963 1
0.048389 1
0.059670 1
0.040172 1
0.059831 1
0.039926 1
0.052168 1
0.040108 1
0.199822 1
0.308057 1
1.232106 5
0.600237 5
0.219745 5
0.839874 3
0.199961 3
0.219828 3
0.200212 3
0.220031 3
1.020154 5
0.200211 5
1.299761 5
0.100119 5
0.179990 5
0.719889 3
0.219976 3
0.188061 3
0.179950 3
0.199879 3
0.212121 3
1.279708 1
0.620479 5
0.559767 5
0.240171 5
0.707621 3
0.232063 3
0.180016 3
0.179978 3
0.220172 3
0.799880 5
0.180441 5
0.645155 5
0.322855 5
0.107940 5
0.783559 3
0.180404 3
0.179797 3
0.199953 3
0.179917 3
1.159890 5
0.836042 5
0.904086 5
0.760148 3
0.239808 3
0.200039 3
0.159845 3
0.559968 3
0.820618 5
0.179550 5
0.740563 5
0.179799 5
0.140015 5
0.667687 3
0.191911 3
0.199921 3
0.179916 3
0.199981 3
0.860450 5
0.500147 5
0.219743 5
0.659739 3
0.220346 3
0.195833 3
0.144047 3
0.180038 3
1.120020 23
0.168302 23
0.999820 19
0.191661 19
3.620290 50
0.000484 2
0.000038 48
0.000018 2
0.000023 48
0.000015 2
0.000028 48
0.000013 2
0.000021 48
0.000012 2
0.000021 48
0.000046 2
0.000027 48
0.000012 2
0.000020 48
0.000416 2
0.000023 48
0.000013 2
0.000022 48
0.000013 2
0.000018 48
0.000012 2
0.000017 48
0.000012 2
0.000017 48
0.000012 2
0.000017 48
0.000010 2
0.000015 48
0.000010 2
0.000027 48
0.000012 2
0.000017 48
0.000011 2
0.000017 48
0.000011 2
0.000017 48
0.000012 2
0.000016 48
0.000012 2
0.000020 48
0.000012 2
0.000018 48
0.000012 2
0.000017 48
0.000059 2
0.000020 48
0.000011 2
0.000018 48
0.000011 2
0.000018 48
0.000012 2
0.000028 48
0.000014 2
0.000019 48
0.000011 2
0.000025 48
0.000014 2
0.000019 48
0.000012 2
0.000017 48
0.000035 2
0.000018 48
0.000013 2
0.000016 48
0.000011 2
0.000016 48
0.000017 50
0.000018 50
0.000010 2
0.000015 48
0.000017 50
0.000017 50
0.000017 50
0.000104 10
249.137683 1
0.439617 1
0.080040 1
0.140056 1
0.400060 1
0.280035 1
0.200017 1
0.580236 1
0.119719 1
0.160059 1
0.059977 1
0.187858 1
0.512115 1
0.260322 1
0.079849 1
0.219825 1
0.108041 1
0.451980 1
0.139930 1
0.107938 1
0.152315 1
0.119710 1
0.048012 1
0.092057 1
0.139924 1
0.167955 1
0.808133 4
0.203803 4
0.200135 4
0.180316 4
0.167670 4
0.171986 4
0.928135 1
0.231876 1
0.160093 1
0.100381 1
0.139627 1
0.320046 1
0.159707 1
0.100040 1
0.180123 1
0.999918 1
0.459965 1
0.260264 1
0.140045 1
0.327645 1
2.112236 1
1.280130 1
0.099852 1
0.079960 1
0.179996 1
0.148382 1
0.640185 1
0.831619 1
0.419910 1
0.188188 1
0.299664 1
0.372470 1
2.127636 1
0.372511 1
1.759419 1
0.280022 1
0.120047 1
0.120207 1
0.459645 1
0.380498 1
0.219737 1
1.527821 1
0.772040 1
0.740069 1
0.519876 1
0.200170 1
0.159920 1
0.059898 1
0.256146 1
0.143851 1
0.148026 1
0.132266 1
1.699753 1
0.679994 1
0.279871 1
0.060380 1
0.268037 1
0.091931 1
0.899855 1
0.159863 1
0.136547 1
0.223589 1
2.660154 1
0.539854 1
0.307974 1
0.172044 1
0.239854 1
1.120222 1
0.479971 1
0.159896 1
0.059909 1
0.223995 1
0.156760 1
0.179459 1
1.459785 1
0.348176 1
0.453361 1
0.158531 1
2.099866 1
0.980233 1
0.307755 1
0.992092 1
0.399843 3
0.300081 1
0.180220 1
1.360004 1
0.600017 1
0.140132 1
0.220907 1
0.059200 1
0.199774 120
0.000114 1
0.159977 1
0.099690 1
0.140575 1
4.159584 1
0.600067 1
0.876042 36
0.000035 2
0.000064 8
6.283580 1
0.180079 1
0.308028 1
0.571988 1
0.100150 1
0.160083 1
0.500163 10
2.699462 1
0.160294 1
0.208056 1
0.231772 1
0.219936 1
0.100252 1
0.119770 1
0.059976 1
0.388055 1
0.112041 1
0.107800 1
0.120302 1
0.212018 1
0.239812 1
0.400161 1
0.440056 1
0.139805 1
0.120629 1
0.099454 1
0.399935 1
0.100299 1
0.227662 1
0.072325 1
0.119660 1
0.131718 1
0.148521 1
0.500113 4
0.219687 4
0.180273 4
0.179915 4
0.159970 4
0.180089 4
0.179671 4
0.740510 1
0.220356 1
0.119141 1
0.100225 1
0.147988 1
0.112140 1
0.130046 1
0.149807 1
0.519547 1
1.608498 1
0.151868 1
0.199956 1
0.280042 1
0.280004 1
0.899986 2
0.000144 8
0.799820 33
0.700284 40
0.839858 118
0.779921 1
0.500086 1
0.040008 1
0.059874 1
0.040379 1
0.059609 1
0.040195 1
0.067977 1
0.031945 1
0.067505 1
0.032402 1
0.060168 1
0.039929 1
0.059874 1
0.048137 1
0.052017 1
0.047929 1
0.051997 1
0.040122 299
0.059783 1
0.076213 1
0.023835 1
0.060220 1
0.039906 1
0.059994 1
0.040026 1
0.060170 1
0.041409 1
0.058253 1
0.060126 1
0.040237 1
0.047685 1
0.052035 1
0.048076 1
0.052100 1
0.047856 1
0.059824 1
0.052088 1
0.040002 1
0.068165 1
0.031871 1
0.067965 1
0.031971 1
0.059963 1
0.048036 1
0.052007 1
0.048296 1
0.051629 1
0.048219 1
0.051871 1
0.048110 1
0.059771 1
0.053821 1
0.038349 1
0.060070 1
0.039758 1
0.040175 1
0.059942 1
0.060048 1
0.039962 1
0.059999 1
0.048167 1
0.039924 1
0.051919 1
0.060148 1
0.039818 1
0.060966 1
0.039011 1
0.176283 1
0.383689 3
0.260184 3
0.160206 3
0.239907 3
0.219903 3
0.940259 213
0.799602 3
0.000239 12
0.000789 2
0.000032 10
0.000012 2
0.000013 10
0.000008 2
0.000020 10
0.000008 2
0.000013 10
0.000008 2
0.000014 10
0.000008 2
0.000013 10
0.000015 2
0.000015 10
0.000008 2
0.000061 8
3.298830 1
0.180000 1
0.400180 1
0.799826 1
0.119921 1
0.820008 4
0.180398 4
2.288715 1
0.190883 1
0.179974 1
0.100090 1
0.180042 1
0.219981 1
0.105515 1
0.154434 1
0.187924 1
0.180013 1
0.211972 1
0.679939 10
250.221802 1
0.178398 1
0.259925 1
0.456233 1
0.204059 1
0.107371 1
0.132444 1
0.080006 1
0.979788 1
0.139906 1
0.060123 1
0.460096 1
0.099868 1
0.208087 1
0.092426 1
0.459463 1
0.139801 1
0.339996 1
1.379839 1
0.179926 1
0.140229 1
0.099813 1
0.520750 4
0.239803 4
0.159560 4
0.180181 4
0.800089 1
0.140016 1
0.128343 1
0.111677 1
0.339756 1
0.507843 1
0.812496 1
0.219833 1
0.240266 1
0.287836 1
0.231759 1
0.979859 2
0.000110 8
11.619943 1
0.281093 1
0.126870 1
0.052362 1
0.500379 1
0.327203 1
0.131941 1
1.048159 1
0.160174 1
0.111802 1
0.108037 1
0.200284 1
0.992047 1
0.208038 1
0.112006 1
0.219662 1
0.148259 1
0.511942 1
0.139687 1
0.180729 1
0.159651 1
0.179948 1
0.160080 1
0.162549 1
0.137409 1
0.519882 1
0.139713 1
0.100077 1
0.260021 1
1.660429 1
0.799863 1
0.308054 1
0.151640 1
0.340370 1
0.747737 1
0.892133 1
0.107851 1
0.071925 1
0.220305 1
0.120051 1
0.079877 1
1.740227 1
0.099973 1
0.160039 1
0.088048 1
0.731799 1
0.419965 1
0.200062 1
1.039503 1
0.400308 1
1.060256 1
0.539861 1
1.148046 1
0.752177 1
0.180300 1
0.127599 1
0.091646 1
0.419911 1
0.359954 1
0.179973 1
1.020238 1
0.148084 1
0.672188 1
30.419955 1
0.127542 1
0.192467 1
0.220929 1
0.199821 1
0.107349 1
0.172022 1
0.059930 1
2.259959 1
0.327545 1
0.252186 1
0.060266 1
0.260014 1
0.100139 1
1.327439 1
0.132385 1
0.128049 1
0.199949 1
0.151908 1
0.379977 1
0.348083 1
0.192180 1
0.619742 1
0.160110 1
0.419943 1
0.120060 1
0.139943 1
0.180135 1
0.139619 3
0.148430 1
4.071475 4
1.080077 1
0.719905 1
0.660046 1
0.208009 1
0.152249 1
0.620164 1
0.679761 1
0.259809 1
0.979902 1
0.200154 1
0.720352 4
0.259873 4
0.899651 1
0.580498 1
0.219921 1
0.147597 1
1.332402 1
0.399602 1
0.148129 1
0.159823 1
0.172561 1
0.599702 1
0.159755 1
0.148469 1
0.131605 1
1.060156 1
1.847982 1
0.852795 10
3.199378 1
0.160339 1
0.219388 1
0.179922 1
0.220394 1
0.160002 1
0.180310 1
0.147775 1
0.192127 1
0.119802 1
0.440050 4
0.779442 1
0.240536 1
0.100029 1
0.159916 1
0.180047 1
0.295598 1
2.284428 10
1.260010 1
0.139460 1
0.240488 1
0.280031 1
0.139513 1
0.180076 1
0.060966 1
0.119152 1
0.160328 1
0.099643 1
0.280444 1
0.040123 1
0.139798 1
0.240015 1
0.140114 1
0.107420 1
0.292974 1
0.139774 1
0.179977 1
0.439690 1
0.139641 1
0.119969 1
0.160423 1
0.219587 1
0.159990 1
0.160019 1
0.139906 1
0.140110 1
0.480260 1
0.127636 1
0.872033 1
0.148423 1
0.111653 1
0.136430 1
0.123626 1
0.220262 1
0.147680 1
0.092623 1
0.979374 1
0.159991 1
0.148243 1
0.172116 1
0.119568 1
0.140122 1
0.167890 1
0.356125 4
0.235887 4
0.180683 4
0.179321 4
0.200175 4
1.020360 1
0.327476 1
0.132397 1
0.099852 1
0.187920 1
0.171767 1
0.140181 1
0.159882 1
0.155876 1
1.000385 1
0.724075 1
0.099789 1
0.119788 1
0.740349 1
0.139648 1
0.141036 1
0.118973 1
0.120502 1
0.140108 1
0.239441 1
0.120715 1
0.139251 1
0.240097 1
0.840417 2
0.000110 8
1.159468 1
0.160117 1
0.159922 1
0.340537 1
0.099480 1
0.240249 1
0.139907 1
0.120100 1
0.284104 1
0.195834 1
0.108041 1
0.112285 1
0.059347 1
1.480324 1
0.260041 1
0.120229 1
0.040032 1
0.079409 1
0.140364 1
0.220040 1
0.220082 1
0.159380 1
0.848437 2
0.000078 8
3.811590 1
0.320042 1
0.136063 1
0.084393 1
0.460066 1
0.359903 1
0.207887 1
0.911668 1
0.194524 1
0.225918 1
0.260042 1
0.099541 1
0.228248 1
0.132210 1
0.567474 1
0.132191 1
0.179699 1
0.760654 1
0.179795 1
1.219891 1
0.199874 1
0.040123 1
0.220042 1
0.100223 1
0.159605 1
0.799995 1
0.139998 1
0.707690 1
0.320642 1
0.091619 1
0.100542 1
0.215471 1
0.163950 1
0.156090 1
0.144037 1
0.168057 1
0.492048 1
0.599939 1
0.199736 1
0.340378 1
0.307784 1
1.452398 2
0.000114 47
0.000020 2
0.000020 47
0.000070 2
0.000020 47
0.000012 2
0.000022 47
0.000012 2
0.000019 47
0.000012 2
0.000017 47
0.000011 2
0.000018 47
0.000011 2
0.000068 8
4.319284 1
0.180332 1
0.259821 1
0.620000 1
0.288004 1
0.171716 1
0.260625 1
0.099356 1
0.100419 1
0.219766 1
0.159791 1
0.148429 1
0.251603 1
0.168439 1
0.091829 1
0.316157 1
0.143849 1
0.176541 1
0.083526 1
0.159662 1
0.740164 4
0.207969 4
0.172095 4
0.179674 4
0.160264 4
0.180500 4
0.687727 1
0.511724 4
0.620248 1
0.108087 1
0.203842 1
0.128090 1
0.120120 1
0.139842 1
0.147707 1
0.292410 1
0.179714 1
0.220195 1
0.487966 4
0.311628 4
0.480760 1
1.147539 1
0.211604 1
0.256322 1
0.068604 1
0.135713 1
0.107712 1
0.240195 1
0.131856 1
0.960060 4
0.180077 4
0.327676 1
0.232017 1
0.100040 1
0.099730 1
0.108645 1
0.611854 1
0.099754 1
0.120110 1
0.087717 1
0.112019 1
1.568461 2
0.000272 8
10.171701 1
0.499908 1
0.119958 1
0.100016 1
0.320420 1
0.079568 1
0.200159 1
0.667423 1
0.237127 1
0.095275 1
0.220063 1
0.127610 1
0.612769 1
0.099627 1
0.180476 1
0.219527 1
0.160316 1
0.499709 1
0.159891 1
0.107731 1
0.152080 1
0.120182 1
0.099877 1
1.400298 1
0.159816 1
0.560255 1
0.339810 1
0.120785 1
0.187151 1
0.152214 1
0.239888 1
0.839805 1
0.140389 1
0.100220 1
0.467183 1
1.832118 1
0.360567 1
1.587858 1
0.951806 1
0.860024 2
0.002945 8
2.477115 1
0.159872 1
0.220552 1
0.307119 1
0.180123 1
0.091872 1
0.159913 1
0.056506 1
0.312054 1
0.311968 1
0.139467 1
0.168794 1
0.231419 1
0.100259 1
0.167653 1
0.092011 1
0.539967 10
0.900498 16
0.659603 64
1.460231 64
1.380131 66
1.880039 2
0.000322 8
4.699219 41
1.060710 1
1.979770 3
0.720258 3
0.219675 3
0.139874 3
3.079891 7
0.219883 7
0.180366 7
0.160291 7
0.199590 7
2.199763 3
0.160021 3
0.880049 3
0.119774 3
0.120677 3
0.479450 3
0.120541 3
0.719914 3
0.420091 3
0.227295 3
0.212818 3
0.199309 3
0.120716 3
0.159851 3
0.148354 3
0.091537 3
3.239837 3
0.160511 3
0.519591 3
0.239630 3
1.020708 67
0.000980 2
0.000036 65
0.000015 2
0.000019 65
0.000012 2
0.000041 65
0.000017 2
0.000026 65
0.000010 2
0.000016 65
0.000008 2
0.000015 65
0.000008 2
0.000014 65
0.000008 2
0.000093 8
5.758230 1
0.179786 1
0.200427 1
0.739916 1
0.219695 1
0.188072 1
0.309516 1
0.162782 1
0.148485 1
0.319168 1
0.232263 1
0.220038 1
0.639445 4
0.200610 4
0.179508 4
0.179985 4
1.580429 1
0.119952 1
0.160674 1
0.159371 1
0.119635 1
0.148308 1
0.092209 1
0.579901 1
0.147749 1
0.311664 1
0.260588 1
0.199594 1
0.144439 1
0.176570 1
0.147189 1
0.092093 1
1.519724 1
0.120056 1
0.160123 1
0.079838 1
0.148190 1
0.114291 1
0.218076 1
0.087864 1
0.174756 1
0.217218 1
0.140246 1
0.180100 1
0.187606 1
0.112153 1
0.119641 1
0.839928 1
0.279740 1
0.140110 1
0.120116 1
0.400356 1
0.159875 1
0.160433 1
0.147145 1
0.112488 1
0.800006 1
0.127446 1
0.512515 1
0.220101 1
0.100075 1
0.224245 1
0.175335 1
0.180156 1
0.100128 1
0.187573 1
0.132387 1
0.087906 1
0.132011 1
0.140124 1
0.167796 1
0.119889 1
0.892302 1
0.139727 1
0.219955 1
0.140392 1
0.167620 1
0.220267 1
0.612418 10
1.239684 1
0.180294 1
0.219687 1
0.279959 1
0.216133 1
0.151302 1
0.132334 1
0.079961 1
0.320268 1
0.120223 1
0.187238 1
0.132183 1
0.100442 1
0.380022 1
0.139661 1
0.100160 1
0.099662 1
0.079995 1
0.236075 1
0.424236 4
0.660001 1
0.139815 1
0.128302 1
0.179845 1
0.911613 1
0.840560 1
0.240101 1
0.167349 1
0.272114 1
0.280242 1
1.199812 10
1.020419 28
0.607590 101
0.592253 90
0.608149 26
0.611935 46
0.640085 64
0.560067 64
0.500428 66
0.647074 52
0.900133 94
1.620144 49
0.871754 142
1.760406 12
0.000854 2
0.000031 10
0.000014 2
0.000016 10
0.000009 2
0.000066 8
8.978795 1
0.200017 1
0.240091 1
0.520090 1
0.179653 1
0.199856 1
0.120068 1
0.099986 1
0.180042 1
0.240074 1
0.099778 1
0.160072 1
0.020287 1
0.160425 1
0.099715 1
0.159557 1
0.060157 1
0.159843 1
0.059928 1
0.920444 1
0.099720 1
0.100181 1
0.107785 1
0.972004 1
0.260312 1
0.559526 4
0.140518 1
0.319874 1
0.300045 1
0.100121 1
0.159944 1
0.119579 1
1.128384 4
0.131741 4
0.309303 1
0.150780 1
0.119836 1
0.100467 1
0.120074 1
0.147811 1
0.139953 1
0.220066 1
0.139614 1
0.200630 1
0.171717 1
0.239586 1
0.140432 1
1.048293 10
0.851669 41
0.727622 142
0.992112 1
0.520282 1
0.039663 1
0.040008 1
0.059957 1
0.040219 1
0.059780 1
0.040509 1
0.059468 1
0.048510 1
0.051748 1
0.040168 1
0.039970 1
0.068045 1
0.052044 1
0.047660 1
0.051963 1
0.048108 1
0.052278 1
0.040204 1
0.059442 1
0.039860 1
0.061158 1
0.046921 299
0.052246 1
0.047820 1
0.051859 1
0.048060 1
0.052024 1
0.040431 1
0.059935 1
0.039638 1
0.059964 1
0.040115 1
0.059944 1
0.067877 1
0.032522 1
0.047536 1
0.052513 1
0.047835 1
0.051626 1
0.060472 1
0.040019 1
0.039530 1
0.060469 1
0.067529 1
0.032282 1
0.048339 1
0.060818 1
0.031157 1
0.059492 1
0.068270 1
0.039501 1
0.032640 1
0.060667 1
0.046912 1
0.052321 1
0.060120 1
0.040172 1
0.048175 1
0.051505 1
0.067581 1
0.040035 1
0.032928 1
0.059775 1
0.067429 1
0.040381 1
0.060444 1
0.031521 1
0.075839 1
0.023629 1
0.060620 1
0.039817 1
0.064220 1
0.035722 1
0.059669 1
0.060472 1
0.040000 1
0.047660 1
0.052345 1
0.048226 1
0.051840 1
0.059618 1
0.040648 1
0.039636 1
0.060291 1
0.059875 1
0.039901 1
0.039879 1
0.060294 1
0.055712 1
0.044113 1
0.060113 1
0.039515 1
0.056451 1
0.051310 1
0.052529 1
0.040076 1
0.059628 1
0.048148 1
0.051749 1
0.040412 1
0.060236 1
0.039818 1
0.059854 1
0.040266 1
0.059848 1
0.047981 1
0.172504 1
0.239489 1
0.440172 3
0.780093 3
1.079690 135
0.120259 137
0.439990 139
1.720390 27
0.001038 2
0.000038 22
0.000018 2
0.000022 22
0.000016 2
0.000099 8
4.517931 1
0.199777 1
0.280352 1
0.899650 1
0.280336 1
0.139638 1
1.060646 1
0.179614 1
0.199882 1
1.100349 1
0.159592 1
0.660079 1
0.180440 1
0.060262 1
0.539213 1
0.239975 1
0.280669 1
0.139782 1
0.139895 1
0.148094 1
0.391892 1
0.119694 1
0.100309 1
0.175528 1
0.140523 1
0.132332 1
0.159329 1
0.140185 1
0.171788 1
0.468206 1
0.171922 1
0.107945 1
0.251978 1
1.199847 2
0.000090 8
363.668318 1
0.172191 1
0.319877 1
1.420126 1
0.079588 1
0.148451 1
0.111979 1
0.099749 1
0.179804 1
0.200290 1
0.119945 1
0.180098 1
0.240099 1
0.139917 1
0.099791 1
0.119991 1
0.108331 1
0.092223 1
0.279495 1
0.119658 1
0.208726 1
0.119869 1
0.197020 1
0.135124 1
0.099830 1
0.399950 1
0.079979 1
0.139834 1
0.087821 1
0.159895 1
0.112359 1
0.139910 1
0.168059 1
0.179822 1
0.132212 1
0.108147 1
0.251973 1
0.159854 1
0.099972 1
0.120016 1
0.180220 1
0.179875 1
0.228008 1
0.111941 1
0.147606 1
0.112435 1
0.139919 1
0.099909 1
1.040074 1
0.200281 1
0.139819 1
0.148111 1
0.111639 1
0.140242 1
0.168567 1
0.139455 1
0.131941 1
0.740006 1
0.120123 1
0.307898 1
0.267783 1
0.104387 1
0.167635 1
0.340517 1
0.291733 1
1.600002 10
3.179936 1
0.427615 1
0.112183 1
0.100160 1
0.459655 1
0.320355 1
0.200074 1
0.540040 1
0.479513 1
0.240454 1
0.139676 1
0.120273 1
0.148079 1
1.771923 1
0.139978 1
0.259610 1
1.100378 1
0.259590 1
0.160459 1
0.119998 1
0.139892 1
2.400158 1
0.340414 1
0.239631 1
0.100425 1
0.179059 1
0.136258 1
1.231759 1
0.152701 1
0.148023 1
0.227488 1
0.204240 1
0.860002 1
0.280128 1
1.119820 1
0.440087 1
0.579919 1
0.547971 1
0.411864 1
0.200163 1
0.120068 1
0.160031 1
0.119972 1
0.939390 1
0.200550 1
0.108302 1
0.339692 1
1.031730 4
0.779786 1
0.180611 1
3.159839 1
0.128619 1
0.131759 1
0.139582 1
0.168305 1
0.199226 1
0.132284 1
0.100324 1
0.299926 1
0.139527 1
0.160293 1
0.220093 1
0.520239 1
0.879984 1
0.279718 1
0.120565 1
0.367733 1
1.292204 1
0.459275 1
0.240463 1
0.139859 1
0.339887 1
0.560109 1
0.680235 1
0.120306 1
0.499566 1
0.359989 1
0.199807 1
0.119879 1
0.160245 1
0.168010 1
0.120012 1
0.151901 1
0.140086 1
1.359695 1
0.579934 1
0.280384 1
0.760033 1
0.419602 1
0.239855 1
0.140078 1
1.920239 1
0.400192 1
0.460013 3
0.328138 1
0.271467 1
0.140473 1
0.180004 1
1.339560 1
0.280350 1
0.319850 1
1.660127 1
1.040074 1
0.199928 1
0.140125 1
0.167425 1
0.092455 1
2.108181 1
0.871804 1
0.819980 1
0.279954 1
4.280114 1
0.399679 1
11.008269 1
1.840043 1
0.211934 1
0.159966 1
0.120217 1
0.119905 1
0.739866 1
0.259694 1
0.200308 1
0.299829 1
0.340103 1
0.747664 1
1.012690 1330
228.335580 12
0.000059 1
0.504172 1
1.507975 4
0.792087 1
0.128948 1
0.091147 1
0.360159 1
0.299163 1
0.140542 1
0.479954 1
0.160043 1
1.100064 1
0.239847 1
0.099914 1
0.220148 1
0.100034 1
0.359548 1
0.100287 1
0.159890 1
0.199915 1
0.147865 1
0.852518 1
0.167495 1
0.192011 1
0.160009 1
0.160404 1
0.099830 1
0.819845 1
0.320370 1
0.299570 1
2.328096 1
1.348403 1
0.624213 49
0.000945 2
0.000122 47
0.000023 2
0.000034 47
0.000018 2
0.000047 47
0.000016 2
0.000027 47
0.000014 2
0.000094 8
12.634439 1
0.164148 1
0.319755 1
0.480053 1
0.240039 1
0.307986 1
0.332044 1
0.199983 1
0.080074 1
0.227959 1
0.151747 1
1.400225 1
0.147674 1
0.092282 1
0.259995 1
0.127993 1
0.180069 1
0.139893 1
0.199979 1
0.132110 1
0.227514 1
1.040286 1
0.111574 1
0.188109 1
0.172432 1
0.819494 1
0.348466 4
0.951964 1
0.120142 1
0.195975 1
0.043978 1
0.188756 1
0.079379 1
1.379872 1
0.091947 1
0.219974 1
0.187518 1
0.152493 1
0.639719 10
365.100312 1
0.179595 1
0.200538 1
0.579635 1
0.079895 1
0.100333 1
0.308107 1
0.071875 1
0.199553 1
0.108528 1
0.191846 1
0.140224 1
0.119976 1
0.399383 1
0.100771 1
0.179266 1
0.320686 1
0.259961 1
0.419905 1
0.259835 1
0.687791 1
0.292349 1
0.599898 1
0.240279 1
0.079900 1
0.139961 1
0.240078 1
0.102653 1
0.357240 1
0.080107 1
0.179579 1
0.100248 1
0.179908 1
0.100473 1
0.099732 1
0.179863 1
0.239771 1
0.240989 1
0.379401 1
0.199393 1
0.400596 1
0.327923 1
0.072038 1
0.259904 1
0.140039 1
0.139931 1
0.560052 1
0.459821 10
1.199770 1
0.200485 1
0.340176 1
0.499893 1
0.199959 1
0.119976 1
0.099968 1
0.067947 1
0.251655 1
0.060486 1
0.220213 1
0.075751 1
0.103843 1
0.899937 1
0.268317 1
0.111925 1
0.140091 1
0.100029 1
0.059800 1
0.539863 1
0.100199 1
0.120447 1
0.087638 1
0.192520 1
0.199139 1
0.120178 1
1.060050 10
3.748167 1
0.000155 1
0.000048 1
0.000034 1
0.000031 1
0.000034 1
0.000030 1
0.000034 1
0.000051 1
0.000380 1
0.000018 1
0.000026 1
0.000021 1
0.000015 1
0.000014 1
0.000017 1
0.000027 1
0.000018 1
0.000014 1
0.000015 1
0.000015 1
0.000015 1
0.000022 1
0.000016 1
0.000015 1
0.000015 1
0.000015 1
0.000020 1
0.000027 1
0.000026 1
0.000029 1
0.000028 1
0.000028 1
0.000114 1
0.000192 1
0.000020 1
0.000021 1
0.000017 1
0.000017 1
0.000017 1
0.000019 1
0.000017 1
0.000094 1
0.000166 1
0.000020 1
0.000019 1
0.000018 1
0.000090 1
0.000162 1
0.000024 1
0.000035 1
0.000125 1
0.000159 1
0.000038 1
0.000038 1
0.000205 1
0.000033 1
0.000039 1
0.000180 1
0.000042 1
0.000161 1
0.000126 1
0.000036 1
0.000142 1
0.000035 1
0.000076 1
0.000091 2
0.000074 34
0.000652 2
0.000069 8
2.067142 66
0.599921 1
0.500143 1
0.060460 1
0.038982 1
0.060466 1
0.040416 1
0.067164 1
0.032443 1
0.059887 1
0.040064 1
0.040099 1
0.059387 1
0.060557 1
0.039964 1
0.060073 1
0.040052 1
0.067969 1
0.039446 1
0.060457 1
0.032158 1
0.067778 1
0.040169 1
0.051942 1
0.040223 1
0.068464 1
0.031499 1
0.059789 1
0.048087 1
0.051932 1
0.040029 1
0.067453 1
0.052539 1
0.040020 1
0.067769 1
0.032208 1
0.047897 1
0.060259 1
0.051748 1
0.040359 1
0.047666 1
0.052196 1
0.039692 1
0.060072 1
0.059928 1
0.040099 1
0.048047 1
0.060014 1
0.039946 1
0.051899 1
0.059954 1
0.040158 1
0.047974 1
0.052120 1
0.067944 1
0.031919 1
0.039600 1
0.076774 1
0.051690 1
0.280100 1
0.191913 1
0.340091 3
0.560155 3
1.219856 5
0.200019 5
0.179966 5
0.160110 5
0.179877 5
0.180169 5
0.179558 5
0.180250 5
0.188263 1
0.151666 1
9.140346 12
0.000025 2
0.000021 10
0.000014 2
0.000017 10
0.000011 2
0.000019 10
0.000011 2
0.000016 10
0.000018 2
0.000015 10
0.000011 2
0.000020 10
0.000012 2
0.000014 10
0.000011 2
0.000014 10
0.000017 2
0.000014 10
0.000011 2
0.000014 10
0.000011 2
0.000013 10
0.000011 2
0.000014 10
0.000011 2
0.000014 10
0.000010 2
0.000014 10
0.000011 2
0.000013 10
0.000011 2
0.000014 10
0.000010 2
0.000014 10
0.000011 2
0.000013 10
0.000010 2
0.000013 10
0.000011 2
0.000013 10
0.000011 2
0.000013 10
0.000011 2
0.000013 10
0.000011 2
0.000013 10
0.000011 2
0.000014 10
0.000011 2
0.000013 10
0.000011 2
0.000014 10
0.000011 2
0.000013 10
0.000011 2
0.000014 10
0.000011 2
0.000024 10
0.000017 2
0.000015 10
0.000011 2
0.000014 10
0.000010 2
0.000014 12
0.000015 12
0.000015 12
0.000017 10
0.000023 24
0.000106 12
0.000013 2
0.000015 10
0.000011 2
0.000017 10
0.000012 2
0.000014 10
0.000010 2
0.000014 10
0.000011 2
0.000014 10
0.000011 2
0.000015 10
0.000010 2
0.000014 10
0.000011 2
0.000014 10
0.000011 2
0.000013 10
0.000012 2
0.000014 10
0.000011 2
0.000014 10
0.000010 2
0.000014 10
0.000011 2
0.000012 10
0.000014 12
0.000014 12
0.000018 24
0.000014 12
0.000017 14
0.000016 22
0.000014 12
0.000016 14
0.000016 22
0.000013 12
0.000018 24
0.000015 12
0.000832 12
0.000020 12
0.000017 12
0.000016 12
0.000015 12
0.000017 14
0.000018 22
0.000019 24
0.000017 12
0.000016 12
0.000019 24
0.000019 24
0.000019 14
0.000022 34
0.000014 12
0.000016 12
0.000016 14
0.000017 22
0.000015 14
0.000015 12
0.000014 10
0.000018 24
0.000016 14
0.000018 22
0.000016 14
0.000016 12
0.000017 22
0.000016 14
0.000018 22
0.000016 14
0.000017 22
0.000016 14
0.000018 22
0.000715 12
0.002061 1390
1.954006 1
0.139883 1
0.228132 1
0.571972 1
0.120070 1
0.219922 1
0.159907 1
0.999986 1
0.520010 1
0.240136 1
0.159898 1
0.040060 1
0.379825 1
0.140151 1
0.167973 1
0.232193 1
0.119553 1
0.220640 1
0.099755 1
0.279588 1
0.136370 1
0.171558 1
0.052623 1
0.095878 1
0.903911 1
0.080067 1
0.139915 1
0.307752 1
0.112387 1
0.207854 1
0.111946 1
0.080098 1
1.080173 10
1.779387 1
0.180343 1
0.219633 1
0.840447 1
0.187996 1
0.132044 1
0.100026 1
0.139360 1
0.108260 1
0.112328 1
0.140051 1
0.279872 1
0.080054 1
0.199888 1
0.140385 1
0.099794 1
0.287803 1
0.092340 1
0.139854 1
0.223051 1
0.516452 4
0.200568 4
0.179769 4
0.159843 4
0.180204 4
1.000093 1
0.399951 1
0.140235 1
0.219885 1
0.560108 1
0.140681 1
0.265197 1
0.233645 1
1.480252 1
1.659845 10
0.847812 24
0.692107 63
1.400236 83
0.859786 1
0.480254 1
0.059832 1
0.040015 1
0.068227 1
0.031784 1
0.059901 1
0.048024 1
0.052162 1
0.047860 1
0.060034 1
0.039982 1
0.060048 1
0.032880 1
0.067122 1
0.048039 1
0.044594 1
0.047013 1
0.060249 1
0.032198 1
0.067899 1
0.032099 1
0.067907 1
0.062261 1
0.029691 1
0.040161 1
0.059830 1
0.047975 1
0.059968 1
0.059735 1
0.032453 1
0.063815 1
0.036147 1
0.047727 1
0.060250 1
0.051919 1
0.048363 1
0.052217 1
0.039545 1
0.060078 1
0.039485 1
0.060400 1
0.048092 1
0.060016 1
0.039576 1
0.060533 1
0.047719 1
0.052218 1
0.032203 1
0.059702 1
0.959937 1
0.968535 5
0.133093 5
0.138877 5
0.219437 5
0.160184 5
0.220660 5
0.279377 5
0.779842 5
0.451982 5
1.048214 12
0.000909 2
0.000062 10
0.000036 2
0.000033 10
0.000011 2
0.000033 10
0.000011 2
0.000018 10
0.000008 2
0.000031 10
0.000013 2
0.000020 10
0.000011 2
0.000025 10
0.000013 2
0.000158 8
2.578063 1
0.140503 1
0.267961 1
4.631684 1
0.128488 1
0.179752 1
0.031988 1
0.100024 1
0.180853 1
0.179269 1
0.179520 1
0.840080 1
0.119932 1
0.220398 1
0.119917 1
0.099806 1
0.099885 1
0.359872 1
0.101020 1
0.179437 1
0.156051 1
0.144022 1
0.047903 1
0.232083 1
0.139513 1
0.188122 1
0.140287 1
0.212060 1
0.240026 1
0.167953 1
0.271909 1
0.199953 1
0.200175 1
0.107764 1
0.172229 1
0.140018 1
0.099879 1
0.119949 1
0.979542 10
99.620616 1
0.339821 1
0.307966 1
1.472024 1
0.599721 1
0.140037 1
0.060318 1
0.259692 1
0.140147 1
1.179891 1
0.179957 1
0.559904 1
0.248125 1
0.112169 1
0.219905 1
0.120248 1
0.619824 1
0.120125 1
0.119695 1
0.239878 1
0.520563 1
0.960199 33
0.000139 2
0.000121 8
6.898991 1
0.140180 1
0.280360 1
0.519886 1
0.100816 1
0.099129 1
0.119557 1
0.128320 1
0.071830 1
0.100309 1
0.195795 1
0.123828 1
0.120018 1
0.100292 1
0.099820 1
0.459916 10
2.100521 1
0.379927 1
0.159946 1
0.079655 1
0.420079 1
0.239977 1
0.119874 1
0.600062 1
0.380395 1
0.419698 1
1.479936 1
0.540383 1
0.099774 1
0.120009 1
0.259891 1
0.140156 1
0.600119 1
0.179789 1
0.628170 1
0.191960 1
0.100069 1
0.208086 1
0.148018 1
0.623742 1
0.159779 1
0.148228 1
0.211798 1
0.600543 1
0.460212 18
0.000042 2
0.000038 16
0.000024 2
0.000027 16
0.000019 2
0.000101 8
3.519523 1
0.179456 1
0.307955 1
1.171995 1
0.160072 1
0.148453 1
0.091833 1
0.120314 1
0.187378 1
0.152264 1
0.800222 1
0.119832 1
0.160028 1
0.167672 1
0.212432 1
0.340040 1
0.202820 1
0.125100 1
0.112023 1
0.127511 1
2.152442 1
0.120142 1
0.199904 1
0.100084 1
0.119890 1
0.100027 1
0.259809 1
0.140648 1
0.167301 1
0.199835 1
0.532370 1
0.279577 1
0.340404 1
0.139992 1
0.139905 1
0.079787 1
0.100351 1
0.379702 1
0.159880 1
0.599944 1
0.220206 1
0.200271 1
0.127953 1
0.252259 1
0.099779 1
0.079989 1
0.239730 1
0.180524 1
0.939564 10
187.628014 1
0.171746 1
0.160298 1
0.420160 1
0.200355 1
0.139595 1
0.099706 1
0.060052 1
0.239779 1
0.100390 1
0.159926 1
0.148139 1
0.117052 1
0.275046 1
0.159453 1
0.148273 1
0.292351 1
0.139586 1
0.620392 10
5.059901 1
0.300298 1
0.119801 1
0.119906 1
0.560000 1
0.319959 1
0.120156 1
1.259869 1
0.200019 1
0.228098 1
0.231726 1
0.120061 1
0.220027 1
1.040027 4
0.400048 1
0.480033 1
0.139696 1
1.039896 1
10.008469 1
1.151499 3
1.660088 3
0.120008 3
0.199819 3
0.100289 3
0.220349 3
0.039869 3
0.059595 3
0.180516 3
0.100491 3
0.319395 3
0.180076 3
0.400110 7
0.219941 7
0.199609 7
0.200061 7
0.180175 7
0.980009 7
0.580671 3
0.239015 3
0.240304 3
4.360040 3
7.559597 1
0.160201 1
0.440174 1
0.179617 1
0.180320 1
0.319960 1
0.160083 1
0.240007 1
1.879880 4
0.440176 1
0.619988 1
0.159808 1
0.128206 1
0.259594 1
0.111919 1
0.520499 1
0.780427 1
0.219668 1
0.160034 1
2.435735 4
0.187841 4
0.195922 4
0.200156 4
1.239831 1
0.516310 1
0.383538 1
0.120395 1
2.560151 1
0.179935 1
0.619796 1
0.309246 1
0.130947 1
0.187953 1
0.071712 1
0.400315 1
0.639490 1
0.180781 1
0.079715 1
1.259932 1
0.900084 1
0.179993 1
0.500054 1
0.239981 1
0.159961 1
0.339767 1
0.100272 1
1.140383 1
0.419408 1
0.320036 1
2.139999 1
0.740017 1
0.219798 1
0.068057 1
0.192558 1
0.107841 1
0.412190 1
0.159691 1
0.147844 1
0.231728 1
0.760198 1
0.520706 61
0.000611 2
0.000028 59
0.000012 2
0.000015 59
0.000010 2
0.000105 8
54.718733 1
0.720103 1
0.739532 4
0.420070 1
0.160075 1
0.100298 1
0.499825 1
0.279868 1
1.447920 4
0.491852 4
0.040484 4
0.059633 4
0.040055 4
0.059837 4
0.060368 1
0.039975 1
0.050482 1
0.049471 1
0.056741 1
0.043158 1
0.050177 1
0.057487 1
0.052565 1
92.979993 1
0.159701 1
0.240137 1
0.460127 1
0.239931 1
0.140300 1
0.167400 1
0.132101 1
0.100548 1
0.659680 1
0.099950 1
0.180321 1
0.139406 1
0.208060 1
0.160459 1
0.091543 1
0.440479 1
0.379575 1
0.160360 1
0.119973 1
0.259901 1
1.280231 1
0.759815 1
0.160059 1
0.168110 1
0.111849 1
0.959993 1
0.241174 1
0.659173 1
0.179906 1
1.467526 10
5.351977 1
2.140263 1
0.120038 1
0.099969 1
0.440150 1
0.339786 1
0.880086 1
0.880056 1
0.259976 1
0.060061 1
0.199968 1
0.140177 1
1.407625 1
0.452227 1
0.159987 1
0.147937 1
0.148218 1
0.303509 1
0.448277 1
1.892237 1
0.379602 1
0.620133 1
0.327942 1
0.133023 1
0.119024 1
0.120023 1
0.939584 1
0.220054 1
0.628015 1
0.291993 1
0.060409 1
0.219701 1
0.160298 1
0.499556 1
0.100370 1
0.207786 1
0.211878 1
0.220394 1
1.259734 1
0.277870 1
0.201964 1
0.920004 4
0.200076 4
1.474237 1
0.125751 1
1.299954 1
0.180165 1
0.500277 1
0.248335 1
0.491675 1
0.179515 1
0.140299 1
0.119994 1
0.720206 1
0.099611 1
0.120309 1
0.279687 1
0.328119 1
1.071790 1
0.140089 1
0.680276 1
0.100213 1
0.219950 1
0.179848 1
0.139773 1
0.140152 1
0.279968 1
0.140325 1
0.139801 1
0.260322 1
0.839417 1
0.420337 1
0.309375 1
0.150669 1
0.819898 1
0.719962 1
0.859600 1
0.260441 1
0.279890 1
0.407567 1
0.392661 1
0.259532 1
0.140106 1
2.100257 1
0.479499 1
0.200237 1
0.259829 1
0.168709 1
0.211747 1
0.139486 1
0.200586 1
0.179567 1
0.901898 4
0.178535 4
0.820671 1
0.099399 1
1.267769 1
0.612450 1
0.339732 1
0.927891 1
1.171533 1
0.260391 1
0.159960 1
1.479731 1
1.200338 244
0.001089 2
0.000043 242
0.000016 2
0.000019 242
0.000011 2
0.000078 8
4.126901 1
0.172525 1
0.199556 1
0.587752 1
0.111615 1
0.160128 1
0.100238 1
0.207797 1
0.232318 1
0.259465 1
0.140455 1
0.059897 1
0.260174 1
0.119870 1
0.140110 1
0.139951 1
0.140038 1
0.168201 1
0.111330 1
0.140368 1
0.679736 2
0.000101 8
152.700273 1
0.159860 1
0.319875 1
0.460013 1
0.159854 1
0.060364 1
0.360196 1
0.099883 1
0.228323 1
0.091555 1
0.199705 1
0.161031 1
0.179305 1
1.299663 1
0.308057 1
0.091922 1
0.260413 1
0.159552 1
1.480372 1
0.600084 1
0.147626 1
0.232380 1
0.068047 1
0.831637 1
0.259851 1
0.960460 1
0.539979 1
0.160210 1
0.119285 1
0.260558 1
0.099947 1
0.219859 1
0.560152 1
0.367814 1
1.252224 1
0.359643 1
0.308858 1
0.071351 1
1.647699 1
0.792445 10
4.460024 39
0.879868 56
0.780833 121
1.079372 1
0.479866 1
0.039838 1
0.060133 1
0.039827 1
0.060102 1
0.039997 1
0.076097 1
0.023497 1
0.060422 1
0.047694 1
0.052260 1
0.039754 1
0.060329 1
0.047515 1
0.052414 1
0.039570 1
0.068158 1
0.031861 1
0.060247 1
0.048027 1
0.060253 1
0.039684 1
0.052227 1
0.047897 1
0.060048 1
0.031652 1
0.062080 1
0.058375 1
0.040531 1
0.059472 1
0.040088 1
0.928592 1
0.491363 1
0.059935 1
0.039553 1
0.060567 1
0.039904 1
0.060182 1
0.047441 1
0.052385 1
0.047614 1
0.060018 1
0.040079 1
0.052655 1
0.056646 1
0.042590 1
0.056356 1
0.043989 1
0.048872 1
0.051160 1
0.048179 1
0.051836 1
0.048013 1
0.051683 1
0.060303 1
0.040173 1
0.039579 1
0.059895 1
0.060475 1
0.040026 1
0.059741 1
0.040164 1
0.048135 1
0.051861 1
0.068294 1
0.031648 1
0.059808 1
0.048321 1
0.040038 1
0.059803 1
0.060255 1
0.039585 1
0.512289 1
0.700207 1
0.759480 1
1.080685 164
1.647570 1
0.811995 166
0.320289 164
0.159684 164
0.308051 164
0.151884 164
0.180392 164
0.307754 164
0.391897 164
1.440179 3
0.887813 3
0.492389 3
0.059680 3
0.039895 3
0.060047 3
0.040251 3
0.059810 3
0.055869 3
0.052075 3
0.039884 3
0.060146 3
0.055853 3
0.035931 3
0.040054 3
0.060077 3
0.040186 3
0.067949 3
0.031900 3
0.059891 3
0.048517 3
0.999811 3
0.491838 3
0.059928 3
0.047704 3
0.052444 3
0.048118 3
0.051729 3
0.040040 3
0.059963 3
0.047660 3
0.052510 3
0.047388 3
1.113039 3
0.500062 3
0.059315 3
0.040136 3
0.059868 3
0.960065 3
0.500112 3
0.059942 3
0.040393 3
0.059583 3
0.039793 3
0.060050 3
0.047855 3
0.084400 3
0.015881 3
0.051810 3
1.580008 3
0.500359 3
0.039826 3
0.059667 3
0.040384 3
0.060047 3
0.039961 3
0.068044 3
0.471893 3
0.499982 3
0.059932 3
0.040101 3
0.059982 3
0.040085 3
1.799738 3
0.480106 3
0.067861 3
0.031877 3
0.059905 3
0.040397 2
0.000040 1
0.059811 3
0.048037 3
0.051732 3
0.068330 3
0.032124 3
0.407617 3
0.212028 3
0.199924 3
0.660423 35
0.000035 2
0.000032 33
0.000021 2
0.000060 33
0.000019 2
0.000129 8
4.479707 1
0.179559 1
0.220403 1
0.580044 1
0.120126 1
0.079847 1
0.107995 1
0.191865 1
0.221754 1
0.237958 1
0.140110 1
0.080463 1
0.159476 1
0.158021 1
0.121863 1
0.248940 1
0.099631 1
0.169664 1
0.661713 1
0.100559 1
0.168274 1
0.299581 1
0.091602 1
0.244892 1
0.111277 1
0.164320 1
0.119923 1
0.200122 1
0.099567 1
0.200487 1
0.108078 1
0.131936 1
0.139767 1
0.169107 1
0.670839 10
31.040076 34
1.819831 28
51.887955 34
0.712438 132
1.179642 1
0.500353 1
0.059444 1
0.040697 1
0.059669 1
0.039787 1
0.059915 1
0.056461 1
0.051571 314
0.040096 1
0.052298 1
0.039728 1
0.060284 1
0.047594 1
0.040124 1
0.051847 1
0.059960 1
0.048045 1
0.051976 1
0.040091 1
0.060213 1
0.047676 1
0.060307 1
0.040089 1
0.051963 1
0.039657 1
0.060605 1
0.047568 1
0.051800 1
0.060159 1
0.047924 1
0.052330 1
0.039651 1
0.040543 1
0.068015 1
0.051771 1
0.047801 1
0.052218 1
0.039682 1
0.048302 1
0.051611 1
0.048179 1
0.067846 1
0.044556 1
0.040298 1
0.047470 1
0.051977 1
0.059857 1
0.050316 1
0.049752 1
0.040204 1
0.059601 1
0.040332 1
0.060950 1
0.038828 1
0.059808 1
0.040461 1
0.059641 1
0.039998 1
0.108047 1
0.511778 1
0.040065 1
0.040492 1
0.160213 1
0.219434 1
0.201103 1
0.198996 1
0.226621 1
0.193329 1
0.180147 1
0.199947 1
0.200178 1
0.187714 1
0.172270 1
0.179628 1
0.189142 1
0.211233 1
0.819439 3
0.861463 170
0.218862 170
0.200298 170
0.168350 170
0.171455 170
0.179992 170
0.179921 169
0.200457 171
0.181515 5
0.000361 2
0.000040 90
1.297541 3
0.180205 3
0.199647 3
0.179999 3
0.200378 3
0.199631 3
1.197132 176
2.123403 5
0.000543 2
0.000155 108
0.959610 176
0.547551 180
0.232427 178
1.399228 178
1.479876 178
0.480172 178
0.268716 178
2.919550 321
0.000279 2
0.000034 316
0.000012 2
0.000013 316
0.000015 2
0.000055 8
2.251725 1
0.160631 1
0.239845 1
0.719852 1
0.099647 1
0.208039 1
0.139871 1
0.151950 1
0.228228 1
0.151894 1
0.060247 1
0.699949 1
0.099617 1
0.120048 1
0.140215 1
0.047499 1
0.280464 1
0.152053 1
0.120201 1
0.187626 1
0.140380 1
0.171399 1
0.748150 1
0.240116 1
0.231666 1
0.160008 1
0.069130 1
0.131255 1
0.280348 1
0.167362 1
0.080210 1
0.192036 1
1.080073 1
0.699936 10
74.067572 1
0.112203 1
0.280038 1
0.568513 1
0.119388 1
0.092352 1
0.307525 1
0.052074 1
0.200475 1
0.107542 1
0.214240 1
0.145726 1
0.093253 1
0.438567 1
0.140503 1
0.380132 1
0.119485 1
1.100435 4
0.540081 1
0.187582 1
0.172108 1
0.740211 1
0.140031 1
0.119918 1
0.099839 1
0.307687 1
0.152338 1
0.179782 1
0.500437 1
0.219803 1
0.760541 10
1.927565 1
0.491766 1
0.139902 1
0.124063 1
0.336077 1
0.300314 1
0.159598 1
0.700261 1
0.160055 1
0.340011 1
1.079708 1
0.128006 1
0.152126 1
0.147858 1
0.220100 1
0.171748 1
0.460141 1
0.219930 1
0.940160 4
0.639860 1
0.140223 1
0.279989 1
0.220281 1
0.199588 1
1.079904 1
1.060088 1
0.140048 1
0.120091 1
0.324022 1
0.195766 1
0.900323 1
1.000273 1
0.859392 1
0.239909 1
0.080572 1
0.220091 1
0.087579 1
0.291885 1
0.140345 1
0.139973 1
0.212548 1
0.415130 1
0.751905 2
0.000198 22
0.001126 2
0.000027 22
0.000014 2
0.000020 22
0.000013 2
0.000083 8
184.526973 1
0.199972 1
0.691964 1
0.460270 1
0.199922 1
0.108249 1
0.111668 1
0.107869 1
0.434810 1
0.037179 1
0.888081 1
0.099979 1
0.132547 1
0.418941 1
0.120052 1
0.240212 1
0.659989 1
0.200403 1
0.220060 1
0.199860 1
0.179997 1
0.099749 1
0.100219 1
0.679903 1
0.100058 1
0.207800 1
0.372337 1
0.359994 1
0.180434 1
0.739233 4
0.500022 1
0.340350 1
1.319551 2
0.000093 8
1.800343 1
0.307471 1
0.112583 1
0.119714 1
0.439794 1
0.320042 1
0.119884 1
1.120138 1
0.100363 1
0.239804 1
0.648117 1
0.399987 1
0.131690 1
0.140376 1
0.239889 1
0.180460 1
0.599679 1
0.199519 1
1.328504 4
0.411943 1
0.279834 1
0.440566 1
0.115428 1
0.124052 1
0.320045 1
0.119998 1
0.180054 1
0.600135 4
0.367413 1
0.360294 1
0.100115 1
0.120400 1
0.231644 1
0.187852 1
1.051653 1
1.760709 1
0.439620 1
0.260313 1
0.107786 1
0.212233 1
0.147736 1
0.619997 1
0.092338 1
0.139853 1
0.219841 1
0.488151 1
1.151871 2
0.000257 24
0.001198 2
0.000039 24
0.000019 2
0.000023 24
0.000016 2
0.000097 8
179.920905 1
0.237438 1
0.159691 1
0.100410 1
0.399955 1
0.279807 1
0.139977 1
0.368237 1
2.151660 1
0.261132 1
0.147087 1
0.112000 1
0.119983 1
0.407977 1
0.431949 1
1.120020 1
0.139740 1
0.140348 1
0.319913 1
0.160066 1
0.980064 1
1.220364 1
0.379537 1
0.240011 1
0.099990 1
0.600041 1
0.199879 1
0.559750 1
0.320416 1
0.199948 1
1.880013 1
0.259950 1
0.180114 1
0.100041 1
0.268855 1
0.098682 1
0.352301 1
0.340434 1
0.227709 1
0.532167 1
1.019858 1
0.340156 1
0.227749 1
0.080287 1
0.291799 1
0.419890 1
0.859905 1
0.100197 1
0.181797 1
0.238280 1
0.099412 1
0.320031 1
0.380453 1
0.199576 1
0.520773 1
1.479732 1
0.360100 1
0.259834 1
0.179954 1
0.059970 1
0.120079 1
0.127941 1
1.212353 1
0.219518 1
0.179700 1
0.420523 1
1.219956 1
1.059803 1
0.139583 1
0.200527 1
0.119976 1
0.187626 1
0.152575 1
0.180025 1
0.167427 1
0.912560 4
0.180241 4
0.380494 1
0.219185 1
0.760196 1
0.139794 1
0.107814 1
0.272177 1
0.200074 1
0.779600 1
0.720248 1
0.140017 1
0.360146 1
0.939790 1
0.459758 1
0.200522 1
0.119643 1
0.368193 1
0.371910 1
0.248284 1
0.171811 1
3.399880 1
0.508898 1
0.179277 1
0.191973 1
0.140011 3
0.179988 1
0.159852 1
0.120081 1
0.199925 1
1.580105 4
0.219975 4
0.859950 1
0.079966 1
1.760303 1
0.679770 1
0.220066 1
0.699526 1
0.540048 1
0.220370 1
0.140126 1
0.180097 1
0.660001 1
0.239559 1
0.120337 1
0.188554 1
0.210930 1
0.180251 1
4.339769 1
0.400335 1
0.200094 1
0.647968 1
0.549868 1
0.330202 1
0.163319 1
0.146566 1
0.154134 1
0.942566 1
1.711383 24
0.000837 2
0.000025 22
0.000011 2
0.000020 22
0.000013 2
0.000028 22
0.000009 2
0.000016 22
0.000008 2
0.000013 22
0.000008 2
0.000012 22
0.000008 2
0.000055 8
13.688443 1
0.152239 1
0.251796 1
0.280251 1
0.188621 1
0.191593 1
0.080019 1
0.139668 1
0.180213 1
0.080893 1
0.241947 1
0.097234 1
0.160182 1
0.099831 1
0.140189 1
0.179784 1
0.159485 1
2.360414 1
0.260180 1
0.120119 1
0.187588 1
0.152143 1
0.140018 1
0.920055 4
0.307687 1
0.392333 1
0.419698 1
0.219961 1
0.680271 1
0.139817 1
0.096066 1
0.304195 1
0.199624 1
0.980715 1
0.140081 1
0.099101 1
0.180662 1
0.107870 1
0.151803 1
0.156119 1
0.263948 1
0.640083 1
0.120241 1
0.119700 1
0.079971 1
0.240105 1
0.140430 1
0.139476 1
0.080102 1
0.199911 1
0.179782 1
0.240225 1
0.679806 1
0.380252 4
0.199855 4
0.899963 1
0.200220 1
2.660091 2
0.000114 8
377.379725 1
0.179691 1
0.240460 1
0.539944 1
0.140003 1
0.139820 1
0.007809 1
0.192416 1
0.099750 1
0.140000 1
0.100462 1
0.147598 1
0.652867 1
0.219464 1
0.879614 4
0.759887 1
0.100312 1
0.179669 1
0.219792 1
0.720019 1
0.448138 1
0.271849 1
0.180291 1
0.320252 1
0.119789 1
0.219701 1
0.140350 1
0.140060 1
0.259969 1
0.200010 1
0.120567 1
0.098978 1
0.100618 1
0.499930 1
0.139946 1
0.240358 1
0.259476 1
0.120174 1
0.339925 1
0.139982 1
0.219630 1
0.180471 1
0.579934 1
0.160063 1
0.239984 1
0.139917 1
0.167758 1
0.092290 1
1.379794 10
0.880167 46
0.659677 82
0.719918 152
3.996117 1
2.231940 3
0.732346 4
0.819850 1
0.520285 1
0.439830 1
0.421437 1
0.118336 1
0.220319 1
0.059937 1
1.488007 1
0.711810 1
0.140336 1
0.199949 1
0.280062 1
0.100067 1
1.239761 1
0.760036 1
0.339707 1
0.308518 1
0.151878 1
1.027903 1
1.411725 1
0.500285 1
0.259545 1
0.327961 1
0.812952 1
0.839399 10
3.480528 150
0.719768 1
0.980286 7
0.599398 3
0.888117 2
0.000319 22
0.000029 2
0.000028 22
0.000019 2
0.000017 22
0.000009 2
0.000022 22
0.000009 2
0.000062 8
4.671326 1
0.159832 1
0.260501 1
0.540566 1
0.239197 1
0.588260 1
0.131902 1
0.059744 1
0.139812 1
0.180031 1
0.220380 1
0.239558 1
0.140496 1
0.039999 1
0.267713 1
0.112265 1
0.219953 1
0.120089 1
0.159784 1
0.147968 1
0.159652 1
0.232423 1
0.188083 1
0.512168 2
0.000168 8
1174.699393 1
0.141624 1
0.218558 1
0.539819 1
0.220100 1
0.087962 1
0.112031 1
0.060356 1
0.519629 1
0.121642 1
0.198453 1
0.114497 1
0.105431 1
0.180175 1
0.127691 1
0.252614 1
0.165132 1
0.274327 1
0.188340 1
0.120043 1
0.131664 1
0.120177 1
0.879880 10
2.099772 1
0.460706 1
0.119410 1
0.100137 1
0.400439 1
0.319978 1
0.199393 1
0.899996 1
0.228088 1
0.372528 1
0.259798 1
0.099690 1
0.260223 1
0.099938 1
0.360024 1
0.139855 1
0.139879 1
0.220217 1
0.199938 1
0.360537 1
0.119676 1
0.120088 1
0.187678 1
0.139954 1
0.072506 1
0.679294 1
0.308177 1
0.171980 1
0.520143 1
0.228407 1
0.372271 1
0.699380 1
1.220150 1
0.219613 1
0.120241 1
0.119903 1
0.339907 1
0.339869 1
0.180185 1
1.268161 4
0.252330 4
0.179639 4
0.179894 4
0.200177 4
0.179722 4
0.720121 4
1.099961 10
0.920236 1
0.260154 1
0.139447 1
0.120518 1
0.359712 1
0.320277 1
0.227993 1
1.911596 1
0.120054 1
0.139866 1
0.400233 1
0.260470 1
0.099416 1
0.179859 1
0.148404 1
0.211998 1
0.127563 1
0.172316 1
0.260227 1
0.179918 1
0.280003 1
0.140271 1
0.079294 1
0.280573 1
1.399442 4
1.396637 1
0.104120 1
0.179882 1
1.339816 1
0.134007 1
0.073965 1
0.252231 1
0.179764 1
0.128242 1
0.552035 1
0.119811 1
0.707995 1
0.632014 1
0.199864 1
0.179718 1
0.880433 4
0.279499 4
0.224339 4
0.163665 4
1.851980 1
0.308508 1
0.191989 1
0.159522 1
1.948396 1
1.872093 1
1.466161 50
0.000928 2
0.000058 48
0.000023 2
0.000030 48
0.000014 2
0.000047 48
0.000012 2
0.000031 48
0.000014 2
0.000026 48
0.000012 2
0.000022 48
0.000011 2
0.000034 48
0.000019 2
0.000026 48
0.000011 2
0.000028 48
0.000014 2
0.000023 48
0.000014 2
0.000022 48
0.000013 2
0.000019 48
0.000011 2
0.000017 48
0.000012 2
0.000021 48
0.000012 2
0.000018 48
0.000011 2
0.000017 48
0.000012 2
0.000017 48
0.000012 2
0.000017 48
0.000011 2
0.000017 48
0.000011 2
0.000144 8
140.891809 1
0.139779 1
0.220323 1
0.468404 1
0.131344 1
0.060344 1
0.320179 1
0.079499 1
0.180296 1
0.100099 1
0.207657 1
0.151695 1
0.120561 1
0.299647 1
0.260194 1
0.099715 1
0.140532 1
0.180117 1
0.579367 10
1.360573 1
0.319436 1
0.159901 1
0.220589 1
1.228271 1
0.335197 1
0.176619 1
0.447454 1
0.132333 1
0.500211 1
0.279927 1
0.139476 1
0.180535 1
0.099757 1
0.220126 1
0.119648 1
0.180016 1
0.148652 1
1.071648 1
0.519702 1
0.308528 1
0.151349 1
0.505403 1
0.135126 1
1.160049 4
0.919384 1
0.528717 1
0.272007 1
0.140019 1
0.167439 1
0.172274 1
0.223824 1
0.096393 1
0.159875 1
0.180027 1
0.120461 1
0.399616 1
0.327535 1
0.112485 1
0.188063 1
0.319978 1
0.991954 1
0.160448 1
0.119080 1
0.260026 1
0.140244 1
0.360312 1
0.279897 1
0.159806 1
0.100048 1
0.220229 1
0.359894 1
0.280048 1
0.259942 1
0.160113 1
0.100044 1
0.379516 1
0.320428 1
0.167940 1
0.392123 1
0.119933 1
0.279989 1
0.459945 1
0.259853 1
0.100148 1
0.239823 1
0.280290 1
0.699319 1
0.140406 1
0.419660 1
0.140555 1
0.199913 1
0.119966 1
0.187521 1
0.192296 1
0.640337 1
0.140050 1
0.139863 1
0.239989 1
0.460083 1
1.667945 13
0.000778 2
0.000030 11
0.000019 2
0.000020 11
0.000015 2
0.000023 11
0.000014 2
0.000028 11
0.000010 2
0.000012 11
0.000008 2
0.000011 11
0.000008 2
0.000010 11
0.000009 2
0.000062 8
103.330777 1
0.160089 1
0.208067 1
0.339744 1
0.131645 1
0.100206 1
0.399990 1
0.080391 1
0.219611 1
0.119907 1
0.200021 1
0.147949 1
0.152689 1
0.139221 1
0.180804 1
0.127929 1
0.071627 1
0.119622 1
0.248103 1
0.112669 1
0.359398 1
0.679928 1
1.840049 10
6.700328 1
0.239680 1
0.143884 1
0.076703 1
0.359842 1
0.279991 1
0.139610 1
0.380359 1
0.180035 1
0.540145 1
0.308008 1
0.151986 1
0.179955 1
0.127995 1
0.411430 1
0.120530 1
0.440070 4
0.200024 4
0.199499 4
0.180418 4
0.181719 4
0.977978 1
0.199895 1
0.120428 1
0.199697 1
0.140316 1
0.379815 1
0.159601 1
0.260567 1
0.399827 1
0.259753 1
0.100006 1
0.220254 1
0.140312 1
0.239648 1
0.142135 1
0.138269 1
0.219537 1
0.140680 1
1.255147 1
0.163968 1
0.120056 1
0.139945 1
0.139869 1
0.420415 1
0.080070 1
0.419968 1
0.360082 1
0.340034 1
0.639363 1
0.200654 1
0.119904 1
0.100148 1
0.379321 1
0.316558 1
0.132072 1
0.351679 1
0.148481 1
0.091908 1
0.299965 1
0.267375 1
0.060199 1
0.211973 1
0.200127 1
0.739768 1
0.200399 1
0.239897 1
0.123833 1
0.236388 1
0.119496 1
0.180345 1
0.139671 1
0.800582 1
0.099506 1
0.139905 1
0.248376 1
0.411596 1
1.240518 2
0.000311 11
0.000687 2
0.000028 11
0.000012 2
0.000015 11
0.000018 2
0.000033 11
0.000012 2
0.000017 11
0.000009 2
0.000015 11
0.000015 2
0.000020 11
0.000012 2
0.000113 8
116.258839 1
0.199912 1
0.167824 1
0.091550 1
0.468697 1
0.299496 1
0.131921 1
0.580603 1
0.139443 1
0.220275 1
0.760177 1
0.259862 1
0.060103 1
0.219569 1
0.156323 1
0.383720 1
0.200285 1
0.944616 1
0.095515 1
0.179437 1
0.160652 1
0.119852 1
0.140650 1
0.307566 1
0.151581 1
0.148429 1
0.191918 1
0.168055 1
0.511811 1
0.839908 1
0.299512 1
0.280764 1
0.119853 1
0.339474 1
0.160490 1
1.460298 1
0.199732 1
0.147858 1
0.072313 1
0.319949 1
0.299957 1
0.147936 1
0.300037 1
0.132135 1
0.839747 1
0.260116 1
0.139483 1
0.140450 1
0.176008 1
0.183934 1
0.119594 1
0.120023 1
0.159825 1
1.948607 1
0.351622 1
0.200485 1
0.079903 1
0.220126 1
0.101443 1
0.381997 1
0.156771 1
0.148313 1
0.211033 1
0.539847 1
4.719909 2
0.000219 10
0.000731 2
0.000021 10
0.000017 2
0.000017 10
0.000013 2
0.000070 8
2.719135 1
0.141530 1
0.238601 1
0.499687 1
0.140571 1
0.119468 1
0.100088 1
0.159952 1
0.100094 1
0.100575 1
0.347867 1
0.071941 1
0.188125 1
0.120083 1
0.211775 1
0.139983 1
0.180370 1
0.279321 1
0.419995 1
0.307797 1
0.352132 1
0.180236 1
0.159631 1
1.100054 4
0.180123 4
0.640275 1
0.780323 1
0.179876 1
0.719462 10
147.780438 1
0.139609 1
0.208004 1
0.171869 1
0.160210 1
0.060209 1
0.328105 1
0.111460 1
0.160132 1
0.100363 1
0.207741 1
0.152250 1
0.147896 1
0.272085 1
0.279966 1
0.219663 1
0.180575 1
0.479892 10
1.399727 1
0.259850 1
0.140623 1
0.119732 1
0.399479 1
0.320622 1
0.148102 1
1.139863 1
0.172090 1
0.280124 1
0.240316 1
0.127089 1
0.172180 1
0.140048 1
0.200163 1
0.199968 1
0.160021 1
0.199849 1
0.159693 1
0.288308 1
0.111611 1
0.060534 1
0.179775 1
0.160309 1
0.079312 1
1.240533 1
0.140293 1
0.179284 1
0.128344 1
0.179917 1
0.152163 1
0.215918 1
1.783641 4
0.280882 4
0.179161 4
0.200117 4
0.208081 4
0.192224 4
1.119692 4
0.401038 1
0.179265 1
0.920078 1
0.319754 1
0.140229 1
0.160100 1
0.079772 1
0.180173 1
0.140025 1
1.259850 1
0.099998 1
0.207601 1
0.632773 1
0.299627 1
0.519819 1
0.260251 1
0.307674 1
0.152155 1
0.427785 1
0.512628 10
3.027326 44
0.832363 4
0.220005 4
0.208070 4
0.171999 4
0.180160 4
0.159879 4
0.208238 4
0.191744 4
0.759930 1
0.560131 1
0.219825 1
0.308325 1
0.231697 1
0.328018 1
0.291995 1
0.168115 1
0.791977 1
0.428107 2
0.000283 8
176.531540 1
0.159447 1
0.240920 1
0.199092 1
0.116573 1
0.103989 1
0.339955 1
0.102033 1
0.158230 1
0.119864 1
0.188349 1
0.151615 1
0.147479 1
0.153052 1
0.199408 1
0.199956 1
0.160022 1
0.147677 1
0.072607 1
0.147361 1
0.161842 1
0.250126 1
0.820434 1
0.160124 1
0.179405 1
0.360557 1
0.160179 1
0.119852 1
1.199824 1
0.879814 10
13.880318 12
0.000048 1
0.239833 1
0.160113 1
0.099585 1
0.328338 1
0.272099 1
0.200048 1
0.527446 1
0.112579 1
0.139787 1
0.120033 1
0.380034 1
1.419901 2
0.000130 8
1.359588 1
0.360297 1
0.460131 1
0.139970 1
0.259919 1
1.168374 10
0.431199 1
0.208124 1
0.932254 1
0.160089 1
0.144213 1
0.955296 1
0.180516 1
0.599967 1
0.159418 1
0.440684 1
0.620188 1
0.099934 1
0.179983 1
0.139878 1
0.179907 1
0.220170 1
0.159885 1
0.148261 1
1.451817 1
0.359888 1
0.160040 1
0.080028 1
0.316008 1
0.263479 1
0.240192 1
0.148518 1
0.159834 1
0.372027 1
0.120192 1
0.139741 1
0.168122 1
0.251868 1
0.579858 1
0.779717 1
0.160231 1
0.620128 1
0.120063 1
0.159941 1
0.148103 1
0.091963 1
0.179921 1
0.128111 1
0.092091 1
0.099349 1
1.040274 1
0.140219 1
0.119730 1
0.148288 1
0.392069 1
0.980003 10
0.719957 1
0.179990 1
0.759947 1
0.219823 1
0.179696 1
0.140578 1
0.199947 1
0.439956 1
0.119973 1
0.659882 1
0.316033 1
0.112275 1
0.200847 1
0.130542 1
0.820556 1
0.139881 1
0.139933 1
0.100104 1
1.999459 10
0.700535 1
0.196137 1
0.123932 1
0.920271 10
0.827848 1
1.619912 1
0.219946 1
1.312071 1
0.359944 1
0.180420 1
0.167499 1
0.179546 1
0.152335 1
0.164989 1
0.163535 1
1.432012 1
0.255677 1
0.111424 1
0.272624 1
0.828082 2
0.000135 8
0.679233 1
0.272443 1
0.067404 1
0.240049 1
0.139944 1
0.892673 1
0.099843 1
0.143555 1
0.296627 1
0.379788 1
0.840583 27
0.000119 2
0.000039 25
0.000022 2
0.000027 25
0.000020 2
0.000028 25
0.000009 2
0.000014 25
0.000009 2
0.000012 25
0.000008 2
0.000012 25
0.000009 2
0.000010 25
0.000009 2
0.000019 25
0.000010 2
0.000014 25
0.000016 2
0.000019 25
0.000014 2
0.000021 25
0.000011 2
0.000013 25
0.000014 2
0.000017 25
0.000012 2
0.000012 25
0.000008 2
0.000010 25
0.000008 2
0.000011 25
0.000008 2
0.000010 25
0.000008 2
0.000010 25
0.000008 2
0.000010 25
0.000008 2
0.000011 25
0.000014 2
0.000018 25
0.000011 2
0.000011 25
0.000015 2
0.000045 25
0.000016 2
0.000019 25
0.000010 2
0.000013 25
0.000007 2
0.000011 25
0.000010 27
0.000011 27
0.000012 27
0.000019 27
0.000016 27
0.000014 54
0.000010 27
0.000018 27
0.000016 27
0.000013 27
0.000011 27
0.000019 27
0.000071 10
559.006214 1
0.172265 1
0.319684 1
0.279976 1
0.120379 1
1.047561 2
0.001196 39
1.459000 1
0.280251 1
0.102766 1
0.556792 1
0.640143 4
0.239781 4
0.160258 4
0.811663 1
0.220453 1
0.120297 1
1.223217 6
0.000039 2
