0.023695 23
4.813214 1
1.319968 1
6.200007 1
0.140044 1
0.176154 1
0.143301 1
0.140161 1
0.140054 1
0.199903 1
0.600392 1
0.259894 1
0.159652 1
0.100000 1
0.060369 1
0.119721 1
0.108210 1
0.532237 4
0.599997 1
0.999298 4
0.760505 1
0.140024 1
0.219715 1
0.380076 4
0.860385 1
0.140221 1
0.099308 1
0.188008 1
0.092457 1
0.059849 1
0.159951 1
0.143718 1
0.095941 1
0.100389 1
0.239762 1
0.180305 1
0.127654 1
0.331887 1
0.420051 1
0.140396 1
0.099955 1
0.080217 1
0.139870 1
0.559526 1
0.220367 1
0.100089 1
0.180090 1
0.339465 1
0.280573 1
0.239946 1
0.059497 1
0.159906 1
0.260091 1
0.143051 1
0.396912 1
0.060406 1
0.119549 1
0.368142 1
0.131987 1
0.088334 1
0.211775 1
0.119816 1
0.139992 1
0.147979 1
0.432183 1
0.180403 1
0.339552 1
0.119936 1
0.167988 1
0.152332 1
0.287979 1
0.192152 1
0.239855 1
0.420288 4
0.519793 1
0.159996 1
0.159935 1
0.320177 25
1.279930 1
0.139940 1
0.420039 1
0.100106 1
0.119842 1
0.139957 1
0.060043 1
0.239962 1
0.080129 1
0.079904 1
0.180066 1
0.108127 1
0.171781 1
0.180065 1
0.167929 1
0.132132 1
0.339913 1
0.080092 1
0.179619 1
0.108553 1
0.151762 1
0.200170 1
0.139704 1
0.180249 1
0.199928 1
0.319549 1
0.160427 1
0.107947 1
0.112079 1
0.187953 1
0.152008 1
0.200093 1
0.259829 1
0.119975 1
0.100149 1
0.839964 25
1.200093 25
0.499986 1
0.419833 1
0.499673 1
0.079941 1
0.140285 1
0.087686 1
0.092068 1
0.180123 1
0.219889 1
0.099938 1
0.120436 1
0.140153 1
0.147512 1
0.112247 1
0.319821 25
0.700319 25
2.019973 1
0.159965 1
0.339667 1
0.500044 1
0.060483 1
0.039905 1
0.059556 1
0.048035 1
0.052386 1
0.047745 1
0.031830 1
0.060500 1
0.059972 1
0.039479 1
0.059979 1
0.048625 1
0.051377 1
0.040424 1
0.059484 1
0.040168 1
0.060112 1
0.049665 1
0.050217 1
0.040496 1
0.059557 1
0.059941 1
0.040068 1
0.060338 1
0.040003 1
0.779888 2
0.000132 23
11.187977 1
0.532015 1
0.467515 1
0.631992 1
0.288408 1
0.391640 4
0.296044 1
0.224175 1
0.219832 1
1.028273 4
0.211835 4
0.159945 4
0.180309 4
0.179966 4
0.739646 1
0.160417 1
0.159970 1
0.119639 1
0.168393 1
0.152168 1
0.139427 1
0.148393 1
0.092118 1
0.319933 1
0.099589 1
0.180361 1
0.067454 1
0.152449 1
0.088109 1
0.051747 1
0.179904 1
0.319887 1
0.120578 1
0.139885 1
0.239906 1
0.180087 1
0.080136 1
0.099529 1
0.139982 1
0.380208 1
1.079767 1
0.312321 1
0.248004 1
1.299749 4
0.287949 1
0.112432 1
0.159495 1
0.160439 1
0.859533 1
0.140424 1
0.147920 1
0.132028 1
0.060083 1
0.147512 1
0.972603 1
0.107517 1
0.352384 1
0.139596 1
0.980294 1
0.288070 1
0.271445 1
0.220109 1
0.260733 1
0.059245 1
0.159946 1
0.500590 1
0.239481 1
0.203994 1
0.096140 1
0.120487 1
0.159587 1
0.119865 1
0.200472 1
0.147571 1
0.132028 1
0.288033 1
5.192428 1
0.119825 1
0.180125 1
0.099909 1
0.139855 1
0.119986 1
0.100190 1
0.319979 1
0.079981 1
0.099907 1
0.288036 1
0.092190 1
0.079998 1
0.219859 1
0.128055 1
0.151890 1
0.399959 1
1.380231 1
1.800089 25
3.399806 1
0.160089 1
0.280056 1
0.119857 1
0.159987 1
0.079964 1
0.119952 1
0.168036 1
0.111956 1
0.140120 1
0.099952 1
0.180228 1
0.059647 1
0.140111 1
0.107953 1
0.052003 1
0.120108 1
0.099887 1
0.200023 1
0.360045 1
0.179993 1
0.080003 1
0.100001 1
0.140023 1
0.860032 25
0.539899 25
2.040067 1
0.379967 1
2.648179 21
1.491866 25
2.040138 1
0.179891 1
0.359980 1
0.500063 1
0.060076 1
0.039889 1
0.059992 1
0.039926 1
0.059964 1
0.040578 1
0.059504 1
0.039978 1
0.060187 1
0.059810 1
0.039997 1
0.060161 1
0.479784 1
0.179978 1
0.180174 1
0.139961 1
0.160010 1
0.159851 1
0.188196 1
0.951997 25
2.599873 1
0.280045 1
10.080261 1
0.000033 1
0.000024 1
0.000029 1
0.000031 1
0.000025 1
0.000039 1
0.000035 1
0.000031 1
0.000024 1
0.000023 1
0.000239 1
0.000032 1
0.000028 1
0.000025 1
0.000025 1
0.000026 1
0.000025 1
0.000028 1
0.799173 25
8.839726 21
0.640373 1
0.499656 1
0.039991 1
0.060004 1
0.040089 1
0.040006 1
0.059985 1
0.060013 1
0.040147 1
0.059809 1
0.048024 1
0.052130 1
0.040030 1
0.067726 1
0.032261 1
0.059893 1
0.039901 1
0.060188 1
0.039803 1
0.280181 1
0.519962 3
0.740046 5
0.459903 5
2.200381 5
0.547568 5
0.112198 5
0.760111 25
2.359621 1
0.100170 1
0.667915 1
0.672019 4
0.199999 4
0.440027 1
10.680123 1
0.000030 1
0.000029 1
0.000023 1
0.000075 1
0.000025 1
0.000266 1
0.000044 1
0.000033 1
0.000025 1
0.000025 1
0.000025 1
0.879414 25
1.279815 1
0.176000 1
12.463903 1
0.000021 1
0.000014 1
0.000015 1
0.000028 1
0.000023 1
0.000015 1
0.000015 1
0.000014 1
0.000015 1
0.000050 1
0.000022 1
0.000019 1
9.719967 25
0.559833 1
0.360255 1
2.747813 1
0.000020 1
0.000015 1
0.000015 1
0.000038 1
0.000171 1
0.000016 1
0.000014 1
0.000014 1
0.000025 1
0.000024 1
0.000015 1
0.000014 1
0.000015 1
0.000015 1
0.000015 1
0.000093 1
0.000081 1
0.000069 1
0.000025 1
0.000081 1
0.791197 2
0.000143 23
9.079903 1
0.359927 1
2.880106 1
0.000086 3
0.000025 1
0.000043 1
0.000024 1
0.000301 1
0.000036 1
0.000024 1
0.000024 1
0.000023 1
0.000024 1
0.000024 1
0.000024 1
0.000024 1
0.839379 2
0.000134 23
0.679783 25
17.759948 1
0.160212 1
0.839745 1
0.499987 1
0.060044 1
0.039969 1
0.060177 1
0.040001 1
0.060054 1
0.039995 1
0.039759 1
0.060115 1
0.060196 1
0.047712 1
0.052155 1
0.040009 1
0.059809 1
0.040117 1
0.060007 1
0.039906 1
0.060147 1
0.039821 1
0.060229 1
0.039866 1
0.067924 1
0.051955 1
0.040126 1
0.060012 1
0.520322 25
1.599598 1
0.420005 1
1.708460 22
0.691563 2
0.000110 23
11.999981 1
0.400067 1
2.579995 1
0.000032 1
0.000028 1
0.000016 1
0.000030 1
0.000015 1
0.000014 1
0.000015 1
0.000209 1
0.000017 1
0.000018 1
0.000016 1
0.000015 1
0.000015 1
0.000015 1
0.000015 1
0.000019 1
0.000030 1
0.000018 1
0.000023 1
0.000030 1
0.000094 1
0.000019 1
0.000018 1
0.000016 1
0.000077 1
0.000022 1
0.000095 1
0.000032 1
0.000093 1
0.000080 1
0.000021 1
0.000090 1
0.658761 25
8.319798 1
0.460194 1
2.060037 2
0.000032 3
0.000013 1
0.000233 1
0.000022 1
0.000015 1
0.000021 1
0.000026 1
0.000021 1
0.000023 1
0.000028 1
0.000031 1
0.000031 1
0.779601 25
7.799739 1
0.420063 1
2.460001 10
0.799978 25
33.840116 25
0.419966 1
0.379952 1
2.428632 60
0.631596 25
9.939741 1
0.439980 1
1.829379 65
0.950822 25
5.300077 1
0.219741 1
0.660104 1
0.100085 1
0.159871 1
0.087823 1
0.112167 1
0.195911 1
0.423972 2
0.000136 23
7.219945 1
0.559863 1
1.688420 1
0.000036 1
0.000025 1
0.000032 1
0.000055 1
0.000024 1
0.000287 1
0.000024 1
0.000023 1
0.000023 1
0.000023 1
0.000024 1
0.000023 1
0.000024 1
0.000025 1
0.000024 1
0.000025 1
0.000033 1
0.000029 1
0.000118 1
0.000037 1
0.000026 1
0.000113 1
0.000038 1
0.000093 1
0.000028 1
0.000092 1
0.000092 1
0.000030 1
0.000097 1
0.000081 1
0.000029 1
0.000077 1
0.000106 1
0.000029 1
0.000078 1
0.000079 1
0.809967 25
20.939786 1
0.339865 1
1.688264 1
0.000026 1
0.000021 1
0.000016 1
0.000040 1
0.000019 1
0.000015 1
0.000014 1
0.000015 1
0.000015 1
0.000025 1
0.000015 1
0.000015 1
0.000015 1
0.000015 1
0.000015 1
0.000015 1
0.000015 1
0.000017 1
0.000016 1
0.000249 1
0.000018 1
0.000017 1
0.000016 1
0.000017 1
0.000017 1
0.000016 1
0.000017 1
0.000017 1
0.000017 1
0.000027 1
0.000017 1
0.000120 1
0.000020 1
0.000029 1
0.000078 1
0.000019 1
0.000077 1
0.000021 1
0.000076 1
0.000060 1
0.000060 1
0.000068 1
0.000020 1
0.000065 1
0.000020 1
0.000078 1
0.000058 1
0.000020 1
0.000054 1
0.000053 1
0.000059 1
0.000085 1
0.000071 1
0.000021 1
0.000020 1
0.000055 1
0.000062 1
0.000076 1
0.000021 1
0.000053 1
0.000053 1
0.000089 1
0.000059 1
0.000023 1
0.000084 1
0.000060 1
0.000054 1
0.000071 1
0.000023 1
0.000076 1
0.000088 1
0.000023 1
0.000059 1
0.000057 1
0.000066 1
0.000077 1
0.000056 1
0.000024 1
0.000076 3
0.000064 1
0.000054 1
0.000076 1
0.000016 1
0.000051 1
0.000014 1
0.000014 1
0.000058 1
0.000025 1
0.000014 1
0.000065 1
0.000019 1
0.000088 1
0.000018 1
0.000015 1
0.000053 1
0.000015 1
0.000049 1
0.000027 1
0.000053 1
0.000016 1
0.000069 1
0.000048 1
0.000017 1
0.000058 1
0.000055 1
0.000017 1
0.000050 1
0.000018 1
0.000089 1
0.000018 1
1.267187 2
0.000104 23
13.679975 1
0.459946 1
2.448748 76
0.771373 25
58.619763 25
0.839954 1
0.220069 1
0.720082 1
0.499933 1
0.040193 1
0.059763 1
0.040254 1
0.059889 1
0.039980 1
0.059845 1
0.040060 1
0.060007 1
0.040028 1
0.060057 1
0.039978 1
0.059866 1
0.060139 1
0.039961 1
0.039902 1
0.060216 1
0.059934 1
0.039939 1
0.039983 1
0.499940 25
1.480011 1
0.180138 1
3.340032 12
0.880199 25
7.479652 1
0.288013 1
2.972137 1
0.000037 1
0.000076 2
0.000018 1
0.000021 1
0.000027 1
0.000223 1
0.000026 1
0.000032 1
0.000029 1
0.000035 1
0.000019 1
0.000015 1
0.000015 1
0.000015 1
0.000016 1
0.879269 25
7.360079 1
0.339843 1
1.509136 107
0.950998 25
7.640089 25
1.379997 1
0.319956 1
1.780039 1
0.000025 1
0.000025 1
0.000022 1
0.000032 1
0.000015 1
0.000015 1
0.000015 1
0.000228 1
0.000017 1
0.819585 25
8.499419 1
0.540280 1
1.384394 1
0.000030 1
0.000021 1
0.000021 1
0.000028 1
0.000023 1
0.000016 1
0.000020 1
0.000015 1
0.000020 1
0.000022 1
0.000025 1
0.000015 1
0.000016 1
0.000019 1
0.000016 1
0.000019 1
0.000016 1
0.000027 1
0.000027 1
0.000017 1
0.000016 1
0.000017 1
0.000016 1
0.000027 1
0.000018 1
0.000017 1
0.000017 1
0.000021 1
0.000025 1
0.000025 1
0.000024 1
0.000018 1
0.000018 1
0.000017 1
0.000018 1
0.000018 1
0.000018 1
0.000022 1
0.000263 1
0.000021 1
0.000019 1
0.000019 1
0.000020 1
0.000032 1
0.000020 1
0.000020 1
0.000019 1
0.000019 1
0.000031 1
0.000095 1
0.000023 1
0.000089 1
0.000086 1
0.000079 1
0.000086 1
0.000022 1
0.000082 1
0.000099 1
0.000075 1
0.000060 1
0.000022 1
0.000055 1
0.000069 1
0.000023 1
0.000067 1
0.000059 1
0.933671 25
7.039893 1
0.359917 1
2.399993 1
0.000069 1
0.000234 1
0.000017 1
0.000030 1
0.000033 1
0.739686 25
2.119975 1
0.419836 1
8.600143 1
0.000022 1
0.000014 1
0.000020 1
0.000030 1
0.000209 1
0.000022 1
0.000015 1
0.000015 1
0.759779 25
1.860002 1
0.320083 1
8.999817 1
0.000027 1
0.000029 1
0.000025 1
0.000022 1
0.000253 1
0.679941 25
7.119724 1
0.599953 1
1.839952 1
0.000031 1
0.000059 1
0.000180 1
0.000019 1
0.000015 1
0.779839 25
6.819994 1
0.557764 1
1.382032 1
0.000022 1
0.000014 1
0.000015 1
0.000014 1
0.000014 1
0.840141 25
0.639873 25
7.499923 1
0.480662 1
1.967518 1
0.000034 1
0.000024 1
0.000026 1
0.000014 1
0.000014 1
0.000014 1
0.000015 1
0.000014 1
0.000194 1
0.000016 1
0.000015 1
0.000016 1
0.000015 1
0.000020 1
0.000016 1
0.000016 1
0.000015 1
0.000018 1
0.000016 1
0.000016 1
0.000020 1
0.000081 1
0.731502 25
7.979706 1
0.500061 1
1.860079 5
1.359923 2
0.000142 23
9.619765 1
0.320156 1
2.340082 1
0.000024 1
0.000015 1
0.000015 1
0.000014 1
0.000016 1
0.000039 1
0.000016 1
0.000015 1
0.879869 25
6.679750 1
0.380313 1
1.719959 1
0.000031 1
0.000030 1
0.000027 1
0.000030 1
0.000016 1
0.000016 1
0.000195 1
0.000016 1
0.779651 25
2.199935 1
0.399782 1
8.200120 1
0.000020 1
0.000017 1
0.000024 1
0.000024 1
0.000207 1
0.000026 1
0.000015 1
0.000015 1
0.000014 1
0.939656 2
0.000102 23
7.499798 1
0.440102 1
1.900093 6
0.000049 1
0.000017 1
0.000016 1
0.000034 1
0.000018 1
0.000193 1
0.000033 1
0.000020 1
0.000019 1
0.000015 1
0.000015 1
0.000015 1
0.000016 1
0.000016 1
0.000023 1
0.000018 1
0.000102 1
0.000017 1
0.000017 1
0.000069 1
0.000017 1
0.000070 1
0.000091 1
0.000022 1
0.000076 1
0.000076 1
1.038703 2
0.000122 23
2.080028 1
0.179937 1
8.100168 8
0.900011 25
2.519835 1
0.160173 1
7.519849 1
0.000029 1
0.000023 1
0.000021 1
0.000020 1
0.000018 1
0.000018 1
0.000019 1
0.000019 1
0.000019 1
0.000019 1
0.000019 1
0.000020 1
0.000020 1
0.000020 1
0.000020 1
0.000021 1
0.000020 1
0.999766 25
6.459834 1
0.519974 1
1.659964 1
0.000033 1
0.000017 1
0.000015 1
0.000139 1
0.000062 1
0.739972 25
5.719990 1
0.519707 1
1.380118 1
0.000028 1
0.000016 1
0.000014 1
0.000023 1
0.000188 1
1.259915 25
0.659958 25
9.279914 1
0.380006 1
1.819930 1
0.000058 1
0.000042 1
0.000172 1
0.000030 1
0.000028 1
0.000018 1
0.000015 1
0.000014 1
0.000015 1
0.000015 1
0.000015 1
0.000015 1
0.000075 1
0.779823 25
1.579604 1
0.200145 1
7.260066 1
0.000019 1
0.000015 1
0.000014 1
0.000014 1
0.000014 1
0.000022 1
0.000014 1
0.000015 1
0.000272 1
0.000044 1
0.000027 1
0.819603 25
2.219740 1
0.160050 1
7.319912 1
0.000022 1
0.000014 1
0.000014 1
0.000091 1
0.000185 1
0.000016 1
0.000021 1
0.000027 1
0.000023 1
0.000016 1
0.000014 1
0.000015 1
0.000015 1
0.000016 1
0.000086 1
0.000017 1
0.000023 1
0.000100 1
0.000037 1
0.000081 1
0.000068 1
0.747265 2
0.000096 23
1.591891 1
0.160028 1
11.480085 1
0.000038 1
0.000025 1
0.000031 1
0.000024 1
0.000022 1
0.000025 1
0.000023 1
0.000281 1
0.000027 1
0.000024 1
0.000024 1
0.000025 1
0.000058 1
0.000025 1
0.000025 1
0.000026 1
0.000026 1
0.000028 1
0.000137 1
0.000029 1
0.000027 1
0.000105 1
0.000028 1
0.000097 1
0.000092 1
0.000029 1
0.000094 1
0.000094 1
0.000088 1
0.000030 1
0.000091 1
0.778409 25
2.399705 1
0.160159 1
6.607877 1
0.000035 1
0.000026 1
0.000030 1
0.000039 1
0.000022 1
0.000262 1
0.000025 1
0.000023 1
0.000023 1
0.000024 1
0.000023 1
0.000024 1
0.000024 1
0.000024 1
0.000035 1
0.000033 1
0.000124 1
0.000029 1
0.000027 1
0.000095 1
0.691199 25
6.859759 1
0.480215 1
1.367920 1
0.000027 1
0.000039 1
0.000187 1
0.000085 1
0.000016 1
0.000033 1
0.000024 1
0.000014 1
0.000024 1
0.000024 1
0.000015 1
0.000014 1
0.651579 2
0.000092 23
6.059906 1
0.419938 1
1.519951 1
0.000021 1
0.000013 1
0.000015 1
0.000039 1
0.000207 1
2.320034 25
1.319768 1
0.139948 1
6.820078 1
0.000037 1
0.000026 1
0.000023 1
0.000037 1
0.000024 1
0.719875 25
0.719803 2
0.000120 23
11.159888 1
0.420123 1
1.539837 6
0.860102 25
6.879934 1
0.440319 1
1.707743 1
0.000047 2
0.000024 1
0.000038 1
0.000024 1
0.000030 1
0.000267 1
0.000027 1
0.000023 1
0.000025 1
0.000024 1
0.000024 1
0.000026 1
0.000025 1
0.000025 1
0.000026 1
0.000025 1
0.000029 1
0.000114 1
0.000029 1
0.000091 1
0.000036 1
0.000093 1
0.000089 1
0.000031 1
0.000097 1
0.000105 1
0.000097 1
0.000101 1
0.000086 1
0.000079 1
0.000075 1
0.000077 1
2.650056 25
0.700045 25
1.620002 1
0.180092 1
8.819807 1
0.000038 1
0.000033 1
0.000037 1
0.000232 1
0.000020 1
0.000024 1
0.000020 1
0.859881 25
1.659727 1
0.340050 1
7.340083 1
0.000049 1
0.000028 1
0.000043 1
0.000280 1
0.000025 1
0.000024 1
0.000024 1
0.699531 25
0.959935 1
0.307943 1
7.132133 3
0.000030 1
0.000038 1
0.000024 1
0.000023 1
0.000242 1
0.000026 1
0.000024 1
0.000023 1
0.000024 1
0.000024 1
0.000024 1
0.000024 1
0.000028 1
0.000025 1
0.000026 1
0.000129 1
0.000036 1
0.000026 1
0.000095 1
0.000036 1
0.000097 1
0.000093 1
0.000028 1
0.000088 1
0.000086 1
0.000085 1
0.818664 25
2.399946 1
0.120001 1
7.159799 7
0.700328 25
0.579859 25
8.039885 1
0.379915 1
1.560025 1
0.000021 1
0.000016 1
0.000014 1
0.000031 1
0.000016 1
0.000187 1
0.000016 1
0.000015 1
0.839768 25
1.080167 1
0.379657 1
5.880133 1
0.000027 1
0.000021 1
0.000015 1
0.000023 1
0.000014 1
0.000174 1
0.000034 1
0.000017 1
0.799856 25
1.560005 1
0.159911 1
9.407855 1
0.000022 1
0.000019 1
0.000017 1
0.000015 1
0.000021 1
0.000015 1
0.000149 1
0.000062 1
0.000024 1
0.000016 1
0.000015 1
0.000015 1
0.000015 1
0.000015 1
0.000027 1
0.000021 1
0.000017 1
0.000098 1
0.000018 1
0.000034 1
0.000069 1
0.000018 1
0.000073 1
0.000084 1
0.000018 1
0.000061 1
0.000018 1
0.000056 1
0.000073 1
0.000018 1
0.000017 1
0.750922 2
0.000108 23
2.000011 1
0.140086 1
6.559950 6
0.860037 25
1.619822 1
0.160060 1
7.859992 1
0.000091 3
0.000265 1
0.000028 1
0.000025 1
0.000023 1
0.000032 1
0.000033 1
0.799376 25
1.280153 25
1.119798 1
0.120092 1
0.500060 1
0.499906 1
0.040125 1
0.059834 1
0.040118 1
0.060002 1
0.039879 1
0.068192 1
0.031904 1
0.067975 1
0.031991 1
0.068110 1
0.032171 1
0.059845 1
0.039959 1
0.060059 1
0.039975 1
0.059989 1
0.059968 1
0.039916 1
0.040089 1
0.062694 1
0.057427 1
0.039826 1
0.067995 1
0.039885 1
0.032115 1
0.060106 1
0.059970 1
0.039903 1
0.060178 1
0.047876 1
0.052029 1
0.560001 25
72.400000 1
0.180144 1
0.859755 1
0.100225 1
0.119742 1
0.100137 1
0.188013 1
0.092099 1
0.119932 1
0.099866 1
0.116007 1
0.284115 1
0.120027 1
0.099799 1
0.260040 1
0.240417 1
0.119571 1
0.060194 1
0.139922 1
0.239952 1
0.139964 1
0.156166 1
0.143802 1
0.140137 1
0.147961 1
0.271930 1
0.140026 1
0.148136 1
0.111949 1
0.099828 1
0.188162 1
0.151871 1
0.288051 1
0.272100 1
0.099837 1
0.100165 1
0.620136 25
2.019843 2
0.000101 23
0.287823 1
1.251989 1
6.468103 1
0.000042 1
0.000027 1
0.000025 1
0.000025 1
0.000025 1
0.000031 1
0.000025 1
0.000023 1
0.000023 1
0.000025 1
0.000026 1
0.000035 1
0.000034 1
0.000026 1
0.000015 1
0.000015 1
0.000035 1
0.000030 1
0.000020 1
0.000028 1
0.000017 1
0.000017 1
0.000016 1
1.611393 25
2.159990 1
0.560004 1
6.500038 1
0.000028 1
0.000026 1
0.000016 1
0.000015 1
0.000029 1
0.000014 1
0.000015 1
0.000015 1
0.000023 1
0.000023 1
0.000266 1
0.000024 1
0.000016 1
0.000016 1
0.000015 1
0.000022 1
0.000023 1
0.000018 1
0.000016 1
0.000016 1
0.000016 1
0.000016 1
0.000025 1
0.000017 1
0.000017 1
0.000098 1
0.000018 1
0.000017 1
0.000086 1
0.000019 1
0.000077 1
0.000067 1
0.000019 1
0.000073 1
0.000104 1
0.000091 1
0.000092 1
0.000022 1
0.000104 1
0.000079 1
0.000050 1
0.000050 1
1.578186 25
1.119963 1
0.380017 1
9.180022 1
0.000024 1
0.000018 1
0.000015 1
0.000015 1
0.000015 1
0.000015 1
0.000015 1
0.000015 1
0.000015 1
0.000026 1
0.000028 1
0.000017 1
0.000015 1
0.000015 1
0.000015 1
0.000016 1
0.000021 1
0.000020 1
0.000016 1
0.000021 1
0.000017 1
0.000024 1
0.000025 1
0.000017 1
0.000022 1
0.000027 1
0.000030 1
0.000030 1
0.000027 1
0.000032 1
0.000033 1
0.000039 1
0.000025 1
0.000018 1
0.000272 1
0.000023 1
0.000018 1
0.000020 1
0.000018 1
0.000019 1
0.000046 1
1.739005 1
0.499772 1
0.068182 1
0.032006 1
0.059771 1
0.039959 1
0.060188 1
0.040031 1
0.059919 1
0.047916 1
0.052087 1
0.040053 1
0.059877 1
0.048019 1
0.051977 1
0.040021 1
0.039967 1
0.059999 1
0.060172 1
0.048161 1
0.051577 1
0.040276 1
0.039859 1
0.060047 1
0.059947 1
0.039994 1
0.060007 1
0.040091 1
0.059901 1
0.041003 1
0.059057 1
0.039922 1
0.060111 1
0.039832 1
0.060242 1
0.039895 1
0.060106 1
0.039815 1
0.059926 1
0.060000 1
0.040163 1
0.208140 1
0.191754 1
0.460426 17
2.779772 25
6.179837 1
0.399892 1
1.728107 1
0.000046 1
0.000020 1
0.000021 1
1.851915 1
0.300066 1
0.560320 5
0.219717 3
0.359792 3
0.380222 1
0.840043 25
1.099903 1
0.319939 1
2.799974 1
0.439963 1
0.660138 25
0.699962 2
0.000113 23
10.419852 1
0.220018 1
0.260027 1
0.120131 1
0.059851 1
0.080043 1
0.160043 1
0.127920 1
0.092052 1
0.067846 1
0.112099 1
0.200045 1
0.079967 1
0.620014 1
0.099878 1
0.120136 1
0.139909 1
0.200025 1
0.160138 1
0.099886 1
0.100124 1
0.160929 1
0.099016 1
0.159818 1
0.128157 1
0.131850 1
0.240080 1
0.120034 1
0.100106 1
0.479941 1
0.139984 1
0.120012 1
0.139990 1
0.059925 1
0.140211 1
0.759818 1
0.120019 1
0.139930 1
0.080193 1
0.127913 1
0.112000 1
0.879950 1
0.099950 1
0.160197 1
0.119875 1
0.100017 1
0.139950 1
0.068114 1
0.211842 1
0.260094 1
0.120057 1
0.600067 4
0.199887 4
0.180042 4
0.160261 4
1.039870 4
0.819863 1
0.259960 1
0.260012 1
0.100031 1
0.439585 25
24.580282 1
0.460083 1
1.728337 1
0.000038 1
0.000025 1
0.000048 1
0.000027 1
0.000032 1
0.000025 1
0.000023 1
0.000024 1
0.000024 1
0.000037 1
0.000026 1
0.000023 1
0.000024 1
0.000274 1
0.000036 1
0.000025 1
0.000026 1
0.000028 1
0.000037 1
0.000027 1
0.000027 1
0.000028 1
0.000184 1
0.000053 1
0.000029 1
0.000115 1
0.000078 1
0.000130 1
0.000099 1
0.000040 1
0.000111 1
0.000031 1
0.000107 1
0.000031 1
0.000107 1
0.000031 1
0.000130 1
0.000112 1
0.000033 1
0.000096 1
0.000033 1
0.000093 1
0.000123 1
0.000097 1
0.000094 1
0.000035 1
0.000094 1
0.000035 1
0.000095 1
0.000093 1
0.000037 1
0.000095 1
0.000096 1
0.000036 1
0.000098 1
0.000105 1
0.000044 1
0.000103 1
0.000113 1
0.000047 1
0.000105 1
0.000101 1
0.000098 1
0.000041 1
0.727316 2
0.000100 23
1.200039 2
0.000127 23
13.759812 1
0.360010 1
2.168214 1
0.000031 1
0.000023 1
0.000022 1
0.000024 1
0.000028 1
0.000027 1
0.000028 1
0.000024 1
0.000024 1
0.000027 1
0.000025 1
0.000024 1
0.000025 1
0.000025 1
0.000024 1
0.000026 1
0.000035 1
0.000027 1
0.000026 1
0.000025 1
0.000027 1
0.000026 1
0.000026 1
0.000038 1
0.000028 1
0.000036 1
0.000029 1
0.000029 1
0.000029 1
0.000029 1
0.000040 1
0.000038 1
0.000050 1
0.000030 1
0.000041 1
0.000030 1
0.000030 1
0.000031 1
0.000303 1
0.000038 1
0.000035 1
0.000033 1
0.000038 1
0.000038 1
0.000034 1
0.000035 1
0.000060 1
0.000135 1
0.000036 1
0.000114 1
0.000109 1
0.000039 1
0.000139 1
0.000038 1
0.000131 1
0.000125 1
0.000036 1
0.000132 1
0.000039 1
0.000130 1
0.000104 1
0.000043 1
0.000106 1
0.000100 1
0.000098 1
0.000041 1
0.000102 1
0.000100 1
0.000109 1
0.000041 1
0.000103 1
0.000109 1
0.000139 1
0.000045 1
0.000107 1
0.000043 1
0.000107 1
0.000103 1
0.000103 3
0.000093 1
0.000023 1
0.000024 1
0.000029 1
0.000091 1
0.000028 1
1.386852 25
1.199917 2
0.000118 23
7.759915 1
0.439944 1
1.447746 1
0.000027 1
0.000023 1
0.000016 1
0.000060 4
0.000015 1
0.000032 1
0.000025 1
0.000018 1
0.000015 1
0.000016 1
0.000015 1
0.000054 1
0.000017 1
0.000016 1
0.000017 1
0.000016 1
0.000016 1
0.000016 1
0.000017 1
0.000016 1
0.000016 1
0.000017 1
0.000017 1
0.000019 1
0.811955 25
3.119835 2
0.000098 23
6.499491 1
0.520513 1
1.668052 1
0.000029 1
0.000024 1
0.000019 1
0.000015 1
0.000025 1
0.000015 1
0.000034 1
0.000017 1
0.000017 1
0.000032 1
0.000029 1
0.000043 1
0.000225 1
0.000017 1
0.000031 1
0.000025 1
0.000017 1
0.000023 1
0.000027 1
0.000025 1
0.000019 1
0.000016 1
0.000017 1
0.000016 1
0.000101 1
0.000018 1
0.000027 1
0.000073 1
0.000028 1
0.000099 1
0.000019 1
0.990701 2
0.000138 23
6.599349 1
0.600077 1
2.068571 1
0.000055 1
0.000016 1
0.000014 1
0.000014 1
0.000015 1
0.000028 1
0.000018 1
0.000015 1
0.000014 1
0.000015 1
0.000014 1
0.000015 1
0.000015 1
0.000015 1
0.000019 1
0.000025 1
0.000016 1
0.000017 1
0.000016 1
0.000016 1
0.000017 1
0.000016 1
0.000016 1
0.000017 1
0.000016 1
0.000017 1
0.000017 1
0.000017 1
0.000017 1
0.000017 1
0.000018 1
0.000017 1
0.000018 1
0.000031 1
0.000049 1
0.000021 1
0.000032 1
0.000030 1
0.000028 1
0.000034 1
0.000048 1
0.000047 1
0.000030 1
0.000267 1
0.000026 1
0.000020 1
0.000019 1
0.000023 1
0.000031 1
0.000024 1
0.000020 1
0.000020 1
0.000020 1
0.000102 1
0.000026 1
0.000091 1
0.000094 1
0.000041 1
0.000111 1
0.000121 1
0.000089 1
0.000039 1
0.000097 1
0.000027 1
0.000092 1
0.000084 1
0.000064 1
0.000023 1
0.000061 1
0.000061 1
0.000030 1
0.000070 1
0.000084 1
0.000029 1
0.000101 1
0.000038 1
0.000077 1
0.000087 1
0.000069 3
0.000065 1
1.928542 25
1.580075 1
0.419978 1
18.380164 1
0.000031 1
0.000023 1
0.000024 1
0.000023 1
0.000022 1
0.000024 1
0.000030 1
0.000041 1
0.000025 1
0.000030 1
0.000035 1
0.000028 1
0.000031 1
0.000028 1
0.000036 1
0.000025 1
0.000025 1
0.000028 1
0.000026 1
0.000037 1
0.000026 1
0.000028 1
0.000037 1
0.000027 1
0.000028 1
0.000036 1
0.000029 1
0.000036 1
0.000031 1
0.000297 1
0.000032 1
0.000039 1
0.000031 1
0.000031 1
0.000030 1
0.000032 1
0.000031 1
0.000042 1
0.000154 1
0.000052 1
0.000121 1
0.000125 1
0.000119 1
0.000053 1
0.000119 1
1.137849 25
9.079852 25
0.300157 1
0.439925 1
2.668086 1
0.000021 1
0.000015 1
0.000024 1
0.000019 1
0.000015 1
0.000015 1
0.000023 1
0.000017 1
0.000024 1
0.000024 1
0.000017 1
0.000225 1
0.000025 1
0.000016 1
0.000016 1
0.000015 1
0.000016 1
0.000017 1
0.000016 1
0.000016 1
0.000016 1
0.000016 1
0.000016 1
0.000017 1
0.000282 1
0.000019 1
0.000018 1
0.000017 1
0.000017 1
0.000017 1
0.000019 1
0.000032 1
0.000034 1
0.000033 1
0.000021 1
0.000026 1
0.000029 1
0.000023 1
0.000029 1
0.000095 1
0.000039 1
0.000122 1
0.000030 1
0.000091 1
0.000070 1
0.000079 1
0.000036 1
0.000115 1
0.000115 1
0.000075 1
0.000021 1
0.000082 1
0.000073 1
0.000104 1
0.000041 1
0.000068 1
0.789612 25
8.099750 1
0.599957 1
1.380001 1
0.000022 1
0.000015 1
0.000014 1
0.000014 1
0.000032 1
0.000022 1
0.000017 1
0.000015 1
0.000178 1
0.000017 1
0.000037 1
0.000030 1
0.000025 1
0.847784 25
8.071928 25
6.159953 1
0.519871 1
1.687925 1
0.000033 1
0.000067 2
0.000015 1
0.000013 1
0.000014 1
0.000014 1
0.000024 1
0.000014 1
0.000015 1
0.000015 1
0.000014 1
0.000015 1
0.000016 1
0.000038 1
0.000036 1
0.000020 1
0.000017 1
0.000015 1
0.000016 1
0.000015 1
0.000016 1
0.000016 1
0.000016 1
0.000016 1
0.000016 1
0.000017 1
0.000016 1
0.000016 1
0.000017 1
0.000017 1
0.000017 1
0.000017 1
0.000017 1
0.000018 1
0.000017 1
0.791668 25
8.579762 1
0.560021 1
1.968263 1
0.000040 1
0.000021 1
0.000022 1
0.000021 1
0.000021 1
0.000022 1
0.000022 1
0.000022 1
0.000022 1
0.000033 1
0.000033 1
0.000023 1
0.000023 1
0.000024 1
0.000025 1
0.000024 1
0.000042 1
0.000043 1
0.000026 1
0.000025 1
0.000025 1
0.000025 1
0.000025 1
0.000026 1
0.000032 1
0.000027 1
0.000027 1
0.000026 1
0.000027 1
0.000026 1
0.000037 1
0.000038 1
0.000037 1
0.000028 1
0.000029 1
0.000029 1
0.000273 1
0.000043 1
0.000031 1
0.000032 1
0.000031 1
0.000040 1
0.000041 1
0.000042 1
0.000130 1
0.000037 1
0.000110 1
0.000035 1
0.000109 1
0.000035 1
0.000109 1
0.000123 1
0.000115 1
0.000036 1
0.000109 1
0.000106 1
0.000036 1
0.000126 1
0.000068 1
0.000107 1
0.000096 1
0.000037 1
0.000097 1
0.000097 1
0.000040 1
0.000100 1
0.000098 1
0.000097 1
0.000040 1
0.000107 1
0.000100 1
0.000041 1
0.000099 1
0.000100 1
0.000099 1
0.000098 1
0.000042 1
0.000113 1
0.000100 3
0.000081 1
0.000022 1
0.000021 1
0.000089 1
0.000022 1
0.000021 1
0.000022 1
0.000085 1
0.000024 1
0.000023 1
0.000085 1
0.000024 1
0.000024 1
0.000085 1
0.000026 1
0.000025 1
0.000088 1
0.000027 1
0.000088 1
0.000027 1
0.000026 1
0.000086 1
0.646286 25
8.179755 1
0.440329 1
1.367881 1
0.000021 1
0.000015 1
0.000014 1
0.000014 1
0.000023 1
0.000014 1
0.000015 1
0.000014 1
0.000015 1
0.000014 1
0.000015 1
0.000015 1
0.000015 1
0.000015 1
0.000016 1
0.000015 1
0.000016 1
0.000017 1
0.000016 1
0.000215 1
0.000031 1
0.000018 1
0.000017 1
0.000023 1
0.000018 1
0.000017 1
0.000016 1
0.000017 1
0.000017 1
0.000017 1
0.000117 1
0.000030 1
0.000032 1
0.000093 1
0.000019 1
0.000081 1
0.000100 1
0.000021 1
0.000019 1
0.000080 1
0.000081 1
0.000030 1
0.000083 1
0.000027 1
0.000096 1
0.000038 1
0.000110 1
0.000082 1
0.000068 1
0.000093 1
0.000056 1
0.000020 1
0.000059 1
0.000073 1
0.000063 1
0.000021 1
0.769632 25
6.659998 1
0.520037 1
1.627943 1
0.000024 1
0.000016 1
0.000014 1
0.000016 1
0.000023 1
0.000016 1
0.000014 1
0.000015 1
0.000015 1
0.000015 1
0.000015 1
0.000024 1
0.000019 1
0.000015 1
0.000015 1
0.000021 1
0.000016 1
0.000018 1
0.000016 1
0.000016 1
0.000016 1
0.000019 1
0.000034 1
0.000031 1
0.000019 1
0.000022 1
0.000021 1
0.000023 1
0.000017 1
0.000017 1
0.000018 1
0.000017 1
0.000022 1
0.000019 1
0.000236 1
0.000031 1
0.000021 1
0.000034 1
0.000024 1
0.000018 1
0.000019 1
0.000019 1
0.000019 1
0.000019 1
0.000019 1
0.911049 25
8.019758 1
0.580170 1
1.427668 1
0.000021 1
0.000015 1
0.000014 1
0.000020 1
0.000025 1
0.000015 1
0.000014 1
0.000015 1
0.000026 1
0.000019 1
0.000212 1
0.000025 1
0.000020 1
0.000015 1
0.000026 1
0.000017 1
0.000015 1
0.000027 1
0.000016 1
0.000015 1
0.000016 1
0.931326 2
0.000105 23
131.260473 25
1.167708 1
0.131953 1
0.680041 1
0.500210 1
0.039909 1
0.059983 1
0.039927 1
0.060046 1
0.040148 1
0.059937 1
0.039853 1
0.060141 1
0.039857 1
0.060227 1
0.039876 1
0.059901 1
0.039966 1
0.060205 1
0.047819 1
0.052038 1
0.060021 1
0.040220 1
0.039908 1
0.067812 1
0.052093 1
0.039903 1
0.060110 1
0.039880 1
0.060172 1
0.040068 1
0.059770 1
0.039965 1
0.059996 1
0.040037 1
0.060187 1
0.039829 1
0.420247 25
1.559790 1
0.159904 1
1.200191 1
0.499928 1
0.220084 1
1.539895 1
0.220102 1
0.239908 1
0.160159 1
0.719782 1
0.300174 1
0.699931 4
0.219902 1
0.140182 1
0.147823 1
0.132089 1
0.120005 1
0.619947 2
0.000134 23
20.679924 1
0.379864 1
1.608224 1
0.000022 1
0.000015 1
0.000018 1
0.000022 1
0.000016 1
0.000019 1
0.000025 1
0.000015 1
0.000015 1
0.000015 1
0.000015 1
0.000015 1
0.000015 1
0.000015 1
0.000015 1
0.000016 1
0.000015 1
0.000018 1
0.000189 1
0.000026 1
0.000017 1
0.000016 1
0.000017 1
0.000016 1
0.000017 1
0.000017 1
0.000017 1
0.000016 1
0.000018 1
0.000105 1
0.000020 1
0.000040 1
0.000092 1
0.000019 1
0.000029 1
0.000076 1
0.000071 1
0.000033 1
0.000072 1
0.000069 1
0.000020 1
0.000069 1
0.000020 1
0.000069 1
0.000032 1
0.000065 1
0.000059 1
0.000020 1
0.000058 1
0.000081 1
0.000021 1
0.000028 1
0.000062 1
0.000021 1
0.000071 1
0.000063 1
0.000058 1
0.000023 1
0.000072 1
0.000022 1
0.000060 1
0.000088 1
0.000023 1
0.000058 1
0.000073 1
0.000023 1
0.000062 1
0.000060 1
0.000070 1
0.000081 1
0.000024 1
0.000064 1
0.000074 1
0.000074 1
0.000024 1
0.000062 1
0.000075 1
0.000025 1
0.000063 3
0.000055 1
0.000015 1
0.000014 1
0.000053 1
0.000015 1
0.000015 1
0.000066 1
0.000016 1
0.000014 1
0.000015 1
0.000055 1
0.000015 1
0.000015 1
0.000083 1
0.000027 1
0.000104 1
0.000030 1
0.000028 1
0.000030 1
0.000091 1
1.148000 25
1.319742 1
0.407919 1
10.640167 1
0.000022 1
0.000015 1
0.000014 1
0.000022 1
0.000029 1
0.000015 1
0.000014 1
0.000014 1
0.000023 1
0.000018 1
0.000015 1
0.000015 1
0.000015 1
0.000015 1
0.000015 1
0.000022 1
0.000017 1
0.000238 1
0.000018 1
0.000016 1
0.000016 1
0.000016 1
0.000017 1
0.000016 1
0.000017 1
0.000016 1
0.000017 1
0.000025 1
0.000025 1
0.000334 12
0.000103 1
0.000097 1
0.000093 1
0.000078 1
0.000032 1
0.000117 1
0.000021 1
0.000071 1
0.000102 1
0.000021 1
0.000021 1
0.000020 1
0.000076 1
0.000023 1
0.000063 1
0.000071 1
0.000066 1
0.000022 1
0.000059 1
0.000022 1
0.000059 1
0.000074 1
0.000123 1
0.000068 1
0.000061 1
0.000023 1
0.000060 1
0.000060 1
0.000060 1
0.000023 1
0.000065 1
0.000064 1
0.000023 1
0.000075 1
0.000066 1
0.000061 1
0.000062 1
0.000062 3
0.000015 1
0.000066 1
0.000021 1
0.000020 1
0.000075 1
0.000015 1
0.000014 1
0.000014 1
0.000015 1
0.000056 1
0.000016 1
0.000015 1
0.000053 1
0.000016 1
0.000052 1
0.000016 1
0.000016 1
0.000053 1
0.000017 1
0.000062 1
0.000017 1
0.000016 1
0.000055 1
1.807983 25
1.179849 2
0.000106 23
0.860183 1
0.139827 1
6.727883 1
0.000029 1
0.000026 1
0.000015 1
0.000016 1
0.000029 1
0.000015 1
0.000015 1
0.000015 1
0.000024 1
0.000015 1
0.000264 1
0.000017 1
0.000015 1
0.000015 1
0.000016 1
0.000015 1
0.000016 1
0.000017 1
0.000016 1
0.000016 1
0.000016 1
0.000026 1
0.000016 1
0.000016 1
0.000016 1
0.000016 1
0.871481 25
2.039890 1
0.140101 1
0.539784 1
0.500099 1
0.040047 1
0.060046 1
0.039816 1
0.060156 1
0.039810 1
0.048038 1
0.052079 1
0.060091 1
0.040062 1
0.059807 1
0.039972 1
0.040000 1
0.059950 1
0.060158 1
0.040009 1
0.060085 1
0.047835 1
0.032098 1
0.060010 1
0.059964 1
0.740147 25
1.399831 2
0.000352 23
4.779617 1
0.520000 1
1.236042 1
0.000031 1
0.000036 1
0.000041 1
0.000015 1
0.000015 1
0.000015 1
0.000019 1
0.000026 1
0.000017 1
0.000015 1
0.000015 1
0.000021 1
0.000020 1
0.000024 1
0.000015 1
0.000015 1
0.000015 1
0.000017 1
0.000016 1
0.000015 1
0.763787 25
9.759828 1
0.499836 1
2.048241 1
0.000033 1
0.000022 1
0.000016 1
0.000020 1
0.000044 1
0.000018 1
0.000015 1
0.000015 1
0.000015 1
0.000015 1
0.000015 1
0.000015 1
0.000022 1
0.000025 1
0.000017 1
0.000022 1
0.000022 1
0.000018 1
0.000026 1
0.000311 1
0.000019 1
0.000017 1
0.000017 1
0.000026 1
0.000021 1
0.000017 1
0.000017 1
0.000025 1
0.000028 1
0.000019 1
0.000017 1
0.000017 1
0.000018 1
0.000018 1
0.000017 1
0.000146 1
0.000021 1
0.000019 1
0.000019 1
0.000107 1
0.000031 1
0.000116 1
0.000021 1
0.000096 1
0.000099 1
0.000035 1
0.000089 1
0.000090 1
0.000094 1
0.000077 1
0.000035 1
0.000064 1
0.000058 1
0.000021 1
0.000067 1
0.000066 1
0.000104 1
0.000023 1
0.000088 1
0.000085 1
0.000037 1
0.000087 1
0.000073 1
0.000096 1
0.000076 1
0.000023 1
0.000075 1
0.000023 1
0.000061 1
0.000059 1
0.000072 1
0.000031 1
0.000078 1
0.000074 1
0.000087 1
0.000088 1
0.000092 1
0.000074 1
0.000065 3
0.000059 1
0.000024 1
0.000056 1
0.000021 1
0.000022 1
0.000057 1
0.000015 1
0.000014 1
0.000053 1
0.000021 1
0.000074 1
0.000026 1
0.000044 1
0.000073 1
0.000017 1
0.000027 1
0.000072 1
0.000077 1
1.347405 25
2.599952 25
1.279706 1
0.140113 1
7.240077 13
0.980061 25
1.399929 1
0.168033 1
7.392048 1
0.000039 1
0.000014 1
0.000017 1
0.000024 1
0.000016 1
0.000013 1
0.000014 1
0.000014 1
0.000014 1
0.000014 1
0.000024 1
0.000212 1
0.000017 1
0.000015 1
0.000016 1
0.000022 1
0.000020 1
0.000017 1
0.000022 1
0.000016 1
0.000026 1
0.000025 1
0.000017 1
0.000016 1
0.000016 1
0.000086 1
0.000018 1
0.000026 1
0.000100 1
0.000069 1
0.000018 1
0.000068 1
0.000019 1
0.000081 1
0.000019 1
0.000018 1
0.000078 1
0.000082 1
0.000020 1
0.000018 1
0.000070 1
0.000019 1
0.000078 1
0.000020 1
0.000070 1
0.000020 1
0.000060 1
0.000020 1
0.000058 1
0.000079 1
0.000092 1
0.000044 1
0.000108 1
1.477866 25
1.719966 1
0.159992 1
8.899880 1
0.000037 1
0.000016 1
0.000015 1
0.000016 1
0.000030 1
0.000015 1
0.000015 1
0.920024 25
1.099923 1
0.400031 1
7.588074 1
0.000030 1
0.000022 1
0.000044 1
0.000032 1
0.000021 1
0.000041 1
0.000023 1
0.000023 1
0.000023 1
0.000023 1
0.000024 1
0.000243 1
0.000027 1
0.000025 1
0.000024 1
0.000026 1
0.000026 1
0.000027 1
0.000027 1
0.000026 1
0.000027 1
0.000129 1
0.000029 1
0.000027 1
0.000029 1
0.000104 1
0.000030 1
0.000103 1
0.000030 1
0.000096 1
0.000030 1
0.000095 1
0.000093 1
0.000032 1
0.000095 1
0.000032 1
0.000103 1
0.000099 1
0.000033 1
0.000090 1
1.629864 25
1.119937 1
0.319886 1
5.608175 1
0.000026 1
0.000019 1
0.000047 1
0.000034 1
0.000279 1
0.831527 2
0.000135 23
1.067962 1
0.291796 1
8.560101 1
0.000049 3
0.000021 1
0.000034 1
0.000022 1
0.000022 1
0.000023 1
0.000245 1
0.000027 1
0.000028 1
0.000026 1
0.000024 1
0.000036 1
0.000026 1
0.000027 1
0.000028 1
0.000034 1
0.000115 1
0.000027 1
0.000027 1
0.000099 1
0.000035 1
0.000102 1
1.219050 25
1.779898 1
0.260025 1
5.980055 1
0.000041 1
0.000032 1
0.000030 1
0.000021 1
0.000021 1
0.800095 25
1.159668 1
0.339985 1
5.999963 1
0.000026 1
0.000015 1
0.000015 1
0.000014 1
0.000023 1
0.000014 1
0.000014 1
0.000015 1
0.000014 1
0.000015 1
0.000186 1
0.000016 1
0.000020 1
0.000015 1
0.000016 1
0.000015 1
0.000016 1
0.000017 1
0.000016 1
0.000016 1
0.000016 1
0.000016 1
0.000017 1
0.000099 1
0.000018 1
0.000036 1
0.000032 1
0.000085 1
0.000021 1
0.000069 1
0.000021 1
0.000067 1
0.000026 1
0.000069 1
0.000071 1
0.000021 1
0.000083 1
0.000084 1
3.838851 25
0.980021 25
1.979852 1
0.399926 1
10.459974 1
0.000026 1
0.000034 1
0.000021 1
0.000029 1
0.000218 1
0.000026 1
0.000019 1
0.000014 1
0.000015 1
1.959724 2
0.000103 23
1.279849 1
0.299950 1
6.340071 1
0.000021 1
0.000016 1
0.000014 1
0.000014 1
0.000025 1
0.000024 1
0.000014 1
0.000014 1
0.000027 1
0.000026 1
0.000016 1
0.000015 1
0.000015 1
0.000209 1
0.000017 1
0.000016 1
0.000015 1
0.000018 1
0.000016 1
0.000015 1
0.000016 1
0.000031 1
0.000028 1
0.000028 1
0.000016 1
0.000092 1
0.000018 1
0.000017 1
0.000083 1
0.000018 1
0.000077 1
0.000019 1
0.000068 1
0.000018 1
0.000067 1
0.000019 1
0.000080 1
0.000020 1
0.000019 1
0.000081 1
0.000019 1
0.000069 1
0.000019 1
0.000069 1
0.000020 1
0.000080 1
0.000062 1
0.000020 1
0.000058 1
0.000067 1
0.000063 1
0.000028 1
0.000063 1
0.000021 1
0.000059 1
0.000057 1
0.000021 1
0.000071 1
0.000022 1
0.000080 1
0.000061 1
0.000057 1
0.000050 1
0.000022 1
0.000054 1
0.000082 1
0.000083 1
0.000054 1
0.000080 1
0.000070 1
0.000063 1
0.837175 25
1.319727 1
0.400153 1
7.380046 1
0.000027 1
0.000023 1
0.000024 1
0.000032 1
0.000257 1
0.000040 1
0.000032 1
1.019427 2
0.000113 23
0.960013 1
0.340029 1
6.507937 1
0.000040 1
0.000022 1
0.000026 1
0.000031 1
0.000017 1
0.000015 1
0.000015 1
0.000015 1
0.000014 1
0.000015 1
0.000015 1
0.000015 1
0.000015 1
0.000015 1
0.000016 1
0.000015 1
0.000016 1
0.000017 1
0.000016 1
0.000017 1
0.000025 1
0.000017 1
0.000021 1
0.000026 1
0.000020 1
0.000016 1
0.000017 1
1.591549 25
0.699774 25
6.060005 1
0.879923 1
2.760219 1
0.000020 1
0.000015 1
0.000014 1
0.000014 1
0.000014 1
0.000014 1
0.000014 1
0.000015 1
1.739773 25
1.239897 1
0.540183 1
6.608063 1
0.000022 1
0.000014 1
0.000014 1
0.000014 1
0.000014 1
0.000014 1
0.000022 1
0.000019 1
0.000015 1
0.000022 1
0.000022 1
0.000022 1
0.000020 1
0.000015 1
0.000016 1
0.000022 1
0.000024 1
0.000018 1
0.000024 1
0.000020 1
0.000016 1
0.000016 1
0.000016 1
0.000016 1
0.000017 1
0.000017 1
0.000016 1
0.000017 1
0.000017 1
0.000017 1
0.000017 1
0.000018 1
0.000017 1
0.000018 1
0.000018 1
0.000017 1
0.000018 1
0.000024 1
0.000021 1
0.000018 1
0.000020 1
0.000033 1
0.000025 1
0.000035 1
0.000042 1
0.000036 1
0.000228 1
0.000021 1
0.000029 1
0.000027 1
0.000028 1
0.000021 1
0.000020 1
0.000032 1
0.000022 1
0.000116 1
0.000040 1
0.000093 1
0.000070 1
0.000070 1
0.000083 1
0.000036 1
0.000112 1
0.000126 1
0.000096 1
0.000037 1
0.000075 1
0.000074 1
0.000089 1
0.000023 1
0.000061 1
0.000060 1
0.000059 1
0.000023 1
0.000060 1
0.000069 1
0.000094 1
0.000084 1
0.000025 3
0.000058 1
0.000015 1
0.000052 1
0.000014 1
0.000014 1
0.000062 1
0.000022 1
0.000060 1
0.000021 1
0.000067 1
0.000019 1
1.348473 2
0.000113 23
1.279721 1
0.380115 1
11.719545 1
0.000022 1
0.000021 1
0.000021 1
0.000023 1
0.000192 1
0.000015 1
0.000024 1
1.759865 2
0.000153 23
1.220245 1
0.407439 1
6.492640 1
0.000030 1
0.000038 1
0.000042 1
0.000022 1
0.000021 1
0.000022 1
0.000022 1
0.000022 1
0.000022 1
0.000023 1
0.000282 1
0.000027 1
0.000050 1
0.000035 1
0.000024 1
0.000024 1
0.000024 1
0.000027 1
0.000025 1
0.000042 1
0.000134 1
0.000028 1
0.000097 1
0.000036 1
0.000112 1
0.000112 1
0.000027 1
0.000105 1
0.000100 1
0.938158 2
0.000126 23
0.859645 25
2.659828 1
0.520082 1
8.239920 1
0.000063 1
0.000014 1
0.000015 1
0.000232 1
0.000017 1
0.000021 1
0.000024 1
0.899649 25
1.119949 1
0.420628 1
7.239506 1
0.000025 1
0.000017 1
0.000015 1
0.000015 1
0.000027 1
0.000016 1
0.000015 1
0.000014 1
0.000015 1
0.000015 1
0.000015 1
0.000015 1
0.000264 1
0.000018 1
0.000018 1
0.000015 1
0.000016 1
0.000017 1
0.000016 1
0.000016 1
0.000016 1
0.000016 1
0.000026 1
0.000016 1
0.000016 1
0.000017 1
0.000021 1
0.000034 1
0.000017 1
0.000017 1
0.000017 1
0.000111 1
0.000032 1
0.000022 1
0.000080 1
0.000021 1
0.000019 1
0.000074 1
0.000073 1
1.058767 25
2.600278 1
0.499722 1
5.820118 1
0.000023 1
0.000016 1
0.000024 1
0.000030 1
0.000015 1
0.000015 1
0.000202 1
1.259701 25
1.899851 1
0.360514 1
6.448127 1
0.000058 1
0.000034 1
0.000039 1
0.000209 1
0.000092 1
0.000019 1
0.000014 1
0.000015 1
0.000021 1
0.000016 1
0.000015 1
0.000015 1
0.000015 1
0.000015 1
0.000015 1
0.000016 1
0.000018 1
0.000018 1
0.000016 1
0.000016 1
0.000097 1
0.000027 1
0.000016 1
0.000077 1
0.000068 1
0.000025 1
0.000094 1
0.000028 1
0.000085 1
0.000019 1
0.000017 1
0.000068 1
0.000019 1
0.000067 1
0.000019 1
0.000077 1
2.489836 2
0.000121 23
0.659967 25
0.640000 1
0.300141 1
6.180199 1
0.000057 3
0.000036 1
0.000293 1
0.819385 25
2.379854 1
0.379912 1
7.588193 1
0.000022 1
0.000028 1
0.000026 1
0.000015 1
0.000014 1
0.000014 1
0.000022 1
0.000019 1
0.000021 1
0.000025 1
0.000033 1
0.000036 1
0.000028 1
0.000217 1
0.000039 1
0.000030 1
0.000016 1
0.000017 1
0.000015 1
0.000016 1
0.000015 1
0.000016 1
0.000016 1
0.000016 1
0.000016 1
0.000111 1
0.000022 1
0.000080 1
0.000028 1
0.000079 1
0.000033 1
0.000081 1
0.000071 1
0.000025 1
0.000079 1
0.000079 1
0.000019 1
0.000085 1
0.000078 1
0.000020 1
0.000060 1
0.000019 1
0.000059 1
0.000029 1
0.000070 1
0.000069 1
0.000021 1
0.000031 1
0.000061 1
0.000076 1
0.000033 1
0.000065 1
0.000065 1
0.000021 1
0.000071 1
0.000033 1
0.000073 1
0.000082 1
0.000022 1
0.000062 1
0.000022 1
0.000058 1
0.000094 1
0.000073 1
0.000030 1
0.000078 1
0.000067 1
0.000089 1
0.000065 1
0.000085 1
0.000081 1
0.000037 1
0.000064 1
0.000113 1
0.000097 1
0.000111 1
0.000104 1
0.000099 1
0.000102 3
0.000074 1
0.000015 1
0.000014 1
0.000014 1
0.000014 1
0.000074 1
0.000016 1
0.000014 1
0.000014 1
0.000076 1
0.000018 1
0.000078 1
0.000025 1
0.000059 1
0.000016 1
0.000016 1
0.000055 1
0.000016 1
0.000054 1
0.000016 1
0.000067 1
0.000017 1
0.000022 1
0.000070 1
1.727367 25
1.819378 1
0.200506 1
8.060082 8
0.919693 25
1.588351 1
0.171435 1
8.620997 55
1.279521 2
0.000178 23
3.699663 2
0.000091 23
20.487662 1
0.392309 1
5.780086 1
0.000038 1
0.000017 1
0.000015 1
0.000021 1
0.000232 1
0.000029 1
0.000015 1
0.000014 1
0.000015 1
0.000014 1
0.000015 1
0.000014 1
1.099756 25
1.119619 1
0.460116 1
9.115833 1
0.000022 1
0.000015 1
0.000014 1
0.000015 1
0.000024 1
0.000018 1
0.000025 1
0.000015 1
0.000014 1
0.000015 1
0.000014 1
0.000023 1
0.000016 1
0.000015 1
0.000016 1
0.000015 1
0.000015 1
0.000017 1
0.000016 1
0.000016 1
0.000026 1
0.000016 1
0.000015 1
0.000016 1
0.000016 1
0.000018 1
0.000031 1
0.000025 1
0.000017 1
0.000017 1
0.000017 1
0.000017 1
0.000017 1
0.000211 1
0.000020 1
0.000024 1
0.000024 1
0.000019 1
0.000019 1
0.000018 1
0.000028 1
0.000018 1
0.000019 1
0.000087 1
0.000029 1
0.000073 1
0.000057 1
0.000083 1
0.000094 1
0.000099 1
0.000073 1
0.000068 1
0.000068 1
0.000021 1
0.000091 1
0.000034 1
0.000065 1
0.000059 1
0.000058 1
0.000026 1
0.000071 1
0.000065 1
0.000023 1
0.000061 1
0.000059 1
0.000058 1
0.000022 1
0.000097 1
0.000100 1
0.000117 1
0.000098 1
0.000039 1
0.000090 1
0.000065 1
0.000074 1
0.000064 1
0.000069 1
0.000025 1
0.000062 3
0.000055 1
0.000014 1
0.000014 1
0.000066 1
0.000022 1
0.000056 1
0.000015 1
0.000015 1
0.000052 1
0.000015 1
0.000052 1
0.000015 1
0.000015 1
0.000052 1
0.000016 1
0.000073 1
0.000020 1
0.000015 1
0.000058 1
0.000016 1
0.000053 1
0.000017 1
0.000066 1
0.000017 1
0.000017 1
0.000062 1
0.000018 1
0.000056 1
0.000017 1
0.000054 1
0.000018 1
0.000053 1
0.000028 1
0.000072 1
0.000019 1
0.000056 1
0.000019 1
0.000054 1
0.000020 1
0.000054 1
0.000020 1
0.000061 1
0.000081 1
0.000020 1
0.000102 1
0.000072 1
0.000020 1
0.000090 1
0.000090 1
0.000022 1
0.000070 1
0.000087 1
0.000064 1
0.000021 1
0.000058 1
0.000057 1
0.000021 1
0.000057 1
0.000058 1
0.000032 1
0.000075 1
0.000071 1
0.000093 1
0.000023 1
0.000066 1
0.000083 1
0.000023 1
0.000022 1
0.000059 1
0.000059 1
0.000080 1
0.000023 1
0.000063 1
0.000060 1
0.000023 1
0.000075 1
0.000063 1
0.000080 1
0.000072 1
0.000061 1
0.000073 1
0.000064 1
0.000068 1
0.000025 1
0.000062 1
1.476982 25
1.259443 1
0.400536 1
7.508261 1
0.000038 1
0.000032 1
0.000027 1
0.000025 1
0.000026 1
0.000037 1
0.000040 1
0.000030 1
0.000029 1
0.000036 1
0.000031 1
0.000030 1
0.000030 1
0.000030 1
0.000030 1
0.000030 1
0.000031 1
0.000035 1
0.000026 1
0.000025 1
0.000025 1
0.000034 1
0.000027 1
0.000028 1
0.000028 1
0.000028 1
0.000029 1
0.000029 1
0.000029 1
0.000029 1
0.000031 1
0.000029 1
0.000031 1
0.000030 1
0.000320 1
0.000033 1
0.000032 1
0.000033 1
0.000033 1
0.000031 1
0.000033 1
0.000032 1
0.000034 1
0.000033 1
0.000157 1
0.000035 1
0.000034 1
0.000136 1
0.000035 1
0.000110 1
0.000078 1
0.000094 1
0.000098 1
0.000105 1
0.000038 1
0.000113 1
0.000114 1
0.000098 1
0.000093 1
0.000039 1
0.000094 1
0.000092 1
0.000093 1
0.000105 1
0.000041 1
0.000093 1
0.000094 1
0.000105 1
0.000095 1
0.000095 1
0.000041 1
0.000097 1
0.000095 1
0.000105 1
0.000103 1
0.000104 1
0.000104 1
0.000104 1
0.000105 3
0.000083 1
0.000077 1
0.000023 1
0.000022 1
0.000080 1
0.000023 1
0.000078 1
0.000024 1
0.000023 1
0.000080 1
0.000025 1
0.000081 1
0.000025 1
1.666299 25
1.547801 1
1.852134 2
0.000148 23
2.459830 1
0.279563 1
9.780368 1
0.000018 1
0.000016 1
0.000014 1
0.000017 1
0.000068 1
0.000206 1
0.000026 1
0.000014 1
0.000015 1
0.000014 1
0.000014 1
0.000015 1
0.000014 1
0.000015 1
0.000015 1
0.000014 1
0.000015 1
0.000017 1
0.000096 1
0.000021 1
0.000024 1
0.000083 1
0.000085 1
0.000018 1
0.000017 1
0.000080 1
2.919405 25
12.199754 1
0.479875 1
2.079722 2
0.000021 1
0.000016 1
0.000015 1
0.000016 1
0.000016 1
1.899936 1
0.167931 1
0.212479 1
0.160048 1
0.199875 1
0.640118 1
0.559873 13
1.199620 3
0.220353 3
0.159958 3
0.160245 3
0.187850 3
0.131535 3
0.320068 1
0.740540 25
6.579820 1
0.360053 1
2.008367 48
1.131879 25
0.859842 1
0.288033 1
7.999914 1
0.000035 1
0.000017 1
0.000024 1
0.000021 1
0.000015 1
0.000014 1
0.000023 1
0.000025 1
0.000029 1
0.000224 1
0.000018 1
0.000016 1
0.000015 1
0.000015 1
0.000015 1
0.000026 1
0.000019 1
0.000017 1
0.000020 1
0.000024 1
0.000100 1
0.000039 1
0.000085 1
0.000021 1
0.000067 1
0.000020 1
0.000090 1
0.000033 1
0.000072 1
0.000103 1
0.000039 1
0.000087 1
0.000020 1
0.000099 1
0.000020 1
0.000030 1
0.000072 1
0.000025 1
0.000061 1
0.000056 1
0.000019 1
0.000055 1
0.000020 1
0.000055 1
0.000060 1
0.000021 1
0.000074 1
1.529877 25
0.739940 1
0.340522 1
10.320255 48
0.799333 25
1.199540 1
0.380086 1
6.710040 1
0.000034 1
0.000031 1
0.000027 1
0.000031 1
0.000038 1
0.000026 1
0.000031 1
0.000031 1
0.000028 1
0.000026 1
0.000070 1
0.000027 1
0.000038 1
0.000028 1
0.000027 1
0.000028 1
0.000027 1
0.000028 1
0.000028 1
0.000034 1
0.000031 1
0.000029 1
0.000029 1
0.000028 1
0.000032 1
0.000028 1
0.000299 1
0.000033 1
0.000029 1
0.000029 1
0.000031 1
0.000028 1
0.000028 1
0.000038 1
0.000033 1
0.000139 1
0.000032 1
0.000030 1
0.000114 1
0.000034 1
0.000108 1
0.000021 1
0.000074 1
0.000071 1
0.000020 1
0.000067 1
1.588214 1
0.500090 1
0.059523 1
0.040435 1
0.060071 1
0.043691 1
0.076175 1
0.087618 1
0.000024 1
0.032489 1
0.059762 1
0.040245 1
0.060116 1
0.039838 1
0.059884 1
0.040120 1
0.059432 1
0.040611 1
0.059656 1
0.040175 1
0.060024 1
0.059971 1
0.039999 1
0.061940 1
0.037674 1
0.040558 1
0.059838 1
0.060041 1
0.040113 1
0.059854 1
0.039966 1
0.039558 1
0.060588 1
0.059640 1
0.040737 1
0.059660 1
0.039958 1
0.039836 1
0.059685 1
0.060083 1
0.040287 1
0.068124 1
0.031561 1
0.055926 1
0.043993 1
0.060065 1
0.240058 1
0.200242 1
0.480254 13
0.299385 3
0.520382 3
0.040045 3
0.039664 3
0.060229 3
0.060151 3
0.039623 3
0.039913 3
0.056558 3
0.063824 3
0.039987 3
0.059902 3
0.039680 3
0.040409 3
0.060040 3
0.059550 3
0.040480 3
0.048143 3
0.051417 3
0.040127 3
0.060233 3
0.059937 3
0.039740 3
0.060286 3
0.040151 3
0.039578 3
0.060337 3
0.059585 3
0.040465 3
0.059699 3
0.039849 3
0.059939 3
0.040004 3
0.060472 3
0.039746 3
0.060294 3
0.039909 3
0.059886 3
0.040306 3
0.059823 3
0.040199 3
0.067306 3
0.032451 3
0.059695 3
0.040057 3
0.060049 3
0.040185 3
0.199784 3
0.199988 1
0.568416 2
0.000138 23
7.491641 1
0.440211 1
2.000003 25
4.680071 25
6.979987 1
0.399878 1
2.259687 18
2.400502 25
0.659919 25
0.919839 1
0.140029 1
0.160070 1
0.239956 1
0.139956 1
0.200058 1
0.287602 1
0.392465 1
0.139824 1
0.147692 1
0.352329 1
0.099627 1
0.108550 1
0.151539 1
0.100182 1
0.187713 1
0.192081 1
0.240015 1
0.199958 1
1.020328 4
0.199556 4
0.180602 4
0.839467 1
0.200070 1
0.180277 1
0.700066 1
0.119981 1
0.099635 1
0.296355 1
0.224230 1
0.099832 1
0.100094 1
0.119889 1
0.399639 1
0.139905 1
0.059994 1
0.240397 1
0.099632 1
0.140592 1
1.119365 1
0.200617 1
0.180223 1
0.039301 1
0.220284 1
0.080157 1
0.119580 1
0.380333 1
0.107932 1
0.171661 1
0.127981 1
0.232172 1
0.307880 1
0.131809 1
0.060287 1
0.179970 1
0.160363 1
0.127592 1
14.712219 1
0.480202 1
0.219512 1
0.180378 1
0.160139 1
0.419872 1
0.159682 1
0.220365 1
0.303518 1
0.236550 1
0.159525 1
0.840111 25
2.460368 1
0.359947 1
3.579510 4
0.200064 4
0.160341 1
1.739743 1
0.140080 1
0.319750 1
0.720065 1
0.120521 1
0.139860 1
1.363875 14
0.856082 41
0.939660 1
0.100482 1
0.259888 2
0.001514 108
0.000206 2
0.000093 95
0.000097 2
0.000351 39
3.197778 1
0.339728 1
0.220211 1
0.200104 1
0.119937 1
0.099664 1
0.060379 1
0.199496 1
0.140147 1
0.239858 1
0.180548 1
0.179550 1
0.140120 1
0.160285 1
0.239572 1
0.119972 1
0.176529 1
0.103953 1
0.120032 1
0.259434 1
0.100503 1
0.199777 1
0.199823 1
0.120376 1
0.059552 1
0.140144 1
0.147920 1
0.072012 1
0.180273 1
0.099660 1
0.220507 1
0.979630 41
6.360364 1
0.399572 1
0.159826 1
0.100456 1
0.120034 1
0.139714 1
1.000440 1
0.179478 1
0.660079 1
0.259920 1
0.287937 1
0.172419 1
0.720004 4
0.179754 4
0.587918 1
0.132090 1
0.188402 1
0.071991 1
0.323084 1
0.876554 1
1.123147 1
0.000490 3
2.996762 1
0.463077 4
0.976543 4
0.208338 4
0.171349 4
0.180356 4
0.240191 4
1.300022 1
0.403514 1
1.296412 1
0.219670 1
0.359956 1
0.640056 2
0.007607 41
0.000203 2
0.000088 30
0.000112 2
0.001304 8
8.691102 1
0.519847 1
0.199997 1
0.220080 1
0.620038 1
0.219965 1
0.120136 1
0.099897 1
0.079994 1
0.199998 1
0.100046 1
0.099950 1
0.160099 1
0.127948 1
0.111902 1
0.200050 1
0.120195 1
0.139818 1
0.148221 1
0.711837 1
0.159915 1
0.147941 1
0.091966 1
0.140213 1
0.679977 1
0.099922 1
0.139982 1
0.219924 1
0.540276 4
0.239805 4
0.179931 4
0.168074 4
0.172015 4
1.119895 1
0.100126 1
0.159915 1
0.220106 1
0.619983 10
4.400071 1
0.359880 1
0.100169 1
0.599905 4
0.188089 4
0.171825 4
0.180103 1
0.679913 1
0.239994 1
0.139919 1
0.120012 1
0.140073 1
0.140027 1
0.659842 2
0.003849 8
3.036270 1
0.340021 1
0.080005 1
0.787846 1
0.271932 1
0.120216 1
0.099653 1
0.608284 1
0.211820 1
0.139688 1
0.220223 1
0.120280 1
1.099628 1
0.660447 1
0.699966 1
0.099641 1
0.140296 1
0.140128 1
0.148679 1
0.150807 1
0.120418 1
0.159795 1
0.219904 1
0.120122 1
0.139827 1
0.239985 1
0.760069 1
0.179871 1
0.840626 1
0.719526 10
1.120276 1
0.139619 1
1.180181 1
0.320363 1
0.180175 1
0.099576 1
1.100056 1
0.479762 1
0.580414 1
0.799453 1
0.600181 1
0.160102 1
0.099846 1
0.219992 1
0.100518 1
0.139492 1
0.147961 1
0.172396 1
0.219498 1
0.080018 1
0.220017 1
0.140441 1
0.259604 1
0.180521 1
0.139837 1
0.119959 1
0.319581 1
0.240621 1
0.279507 1
0.140286 1
0.480203 1
1.379504 10
0.920328 1
0.120060 1
0.120026 1
0.119906 1
0.179978 1
0.519699 1
0.540416 4
3.919515 1
0.500188 1
0.179887 1
0.380447 1
0.139790 1
0.187708 1
0.132098 1
1.520006 1
0.480181 1
0.287862 1
0.331735 1
2.000036 1
0.460254 1
0.699795 1
0.580198 2
0.002523 8
1.217291 10
1.480399 1
0.140125 1
0.219854 1
2.239953 1
0.159747 1
0.499972 4
0.179951 4
0.680391 1
0.220125 1
0.107428 1
0.092580 1
0.080164 1
0.199417 1
0.240308 1
0.099688 1
0.079899 1
0.108499 1
0.152039 1
0.059407 1
0.100445 1
0.147574 1
0.140037 1
0.111937 1
0.240481 1
0.099624 1
0.188267 1
0.191721 1
1.120493 10
2.459908 1
0.199557 1
0.108374 1
0.131608 1
0.168645 1
0.111459 1
0.340645 14
0.000027 2
0.000054 8
2.939262 1
0.160183 1
0.340306 1
0.119610 1
0.239893 1
0.100425 1
0.219871 1
0.559651 4
0.200381 4
0.180019 4
0.679730 1
0.288238 1
0.092041 1
0.719675 1
0.240237 1
0.119647 1
0.120373 1
0.140164 1
0.240087 1
2.139388 1
0.240430 1
0.940031 4
0.599567 1
0.120558 1
0.119393 1
0.220412 1
0.099817 1
0.100194 1
0.220193 1
0.619646 31
0.000012 2
0.000009 31
0.000008 2
0.000011 19
0.000007 2
0.000054 8
11.079750 1
0.339980 1
0.080626 1
0.499750 1
0.259948 1
0.140176 1
0.079822 1
1.679987 1
0.200178 1
0.179405 1
0.860400 4
0.179538 4
0.180652 1
0.240043 1
0.219452 1
0.128395 1
0.772105 1
0.499483 1
0.340531 1
0.099452 1
0.159927 1
0.220168 1
1.699828 1
0.308098 1
1.292391 1
0.539603 10
0.800373 1
0.159641 1
0.639992 1
0.288526 1
0.171861 1
0.119613 1
0.979924 1
0.940231 1
0.500176 1
1.459646 1
0.600174 1
0.107778 1
0.112615 1
0.199670 1
0.119693 1
0.168292 1
0.140256 1
0.091581 1
0.360417 1
0.119845 1
0.187588 1
0.112172 1
0.359917 1
0.180436 1
0.119643 1
0.159931 1
0.180050 1
0.239842 1
0.260186 1
0.168369 1
0.392012 1
5.059984 10
4.539629 1
0.160481 1
0.099792 1
0.120068 1
0.188046 1
0.771669 1
0.359855 1
0.140473 1
0.499511 1
0.140060 1
0.288427 1
1.011521 1
1.599885 1
0.780113 1
0.480451 1
0.560082 1
1.779408 1
0.280126 1
11.520051 10
1.000259 1
0.160025 1
0.059631 1
0.247945 1
0.152528 1
0.099419 1
1.360549 1
0.099607 1
0.400131 1
0.099759 1
1.540531 1
0.899640 10
1.060269 1
0.199751 1
0.419746 1
0.160012 1
0.140481 1
0.239963 1
0.159696 1
4.400422 1
0.368007 1
0.111940 1
0.187948 1
0.191698 1
0.639933 4
0.579812 1
0.720630 1
0.099656 1
0.880022 1
0.359843 1
0.120525 1
0.119488 1
0.160093 1
0.179905 1
0.108475 1
0.151601 1
0.148314 1
1.571597 4
0.500142 4
0.039936 4
0.060138 4
0.040304 4
0.059961 4
0.039953 4
0.059568 4
0.048518 4
0.031453 4
0.068138 4
0.052301 4
0.039587 4
0.041510 4
0.067081 4
0.051784 4
0.039622 4
0.040455 4
0.059606 4
0.060133 4
0.040032 4
0.040052 4
0.067958 4
0.051784 1
0.180733 1
0.839315 1
0.120040 1
1.739901 1
0.340490 1
0.099644 1
0.787874 1
0.152484 1
0.139727 1
0.119833 1
0.168020 1
0.112418 1
0.799587 1
0.560161 1
0.220465 1
0.099721 1
1.099624 1
0.508378 1
0.211629 1
0.480106 4
0.819860 1
1.100371 1
3.320268 10
1.139383 1
0.140351 1
0.659762 1
0.119780 1
0.120770 1
0.199612 1
0.160121 1
0.939994 1
0.659605 1
0.160476 1
0.179524 1
0.240407 1
1.260017 4
0.500134 1
0.439390 1
0.120018 1
0.700059 1
0.300395 1
0.140072 1
0.139436 1
0.148510 1
0.136947 1
0.155187 1
0.119407 1
0.120248 1
1.159848 1
0.299920 1
0.760059 1
0.100040 1
0.279842 1
0.120118 1
0.220103 1
0.100279 1
0.119536 1
1.380135 1
0.319838 1
0.360119 1
1.640033 1
0.940224 1
0.139694 1
0.148764 1
0.131173 1
0.160524 1
0.159630 1
0.140284 1
0.139551 1
0.220123 1
0.120345 1
0.139638 1
0.240038 1
1.100511 1
1.819411 1
0.160405 1
0.379636 1
1.599918 1
0.460142 1
0.439793 1
0.588456 2
0.002035 8
2.969453 1
0.220496 1
0.139703 1
0.099922 1
0.720360 4
0.199589 4
0.159947 4
0.160424 4
0.180139 1
0.179498 1
0.820506 10
0.599347 1
0.160497 1
0.219494 1
0.360285 1
0.219804 1
0.100026 1
0.120200 1
0.059743 1
0.268477 1
0.199563 1
0.052411 1
0.099576 1
0.080375 1
0.199613 1
0.080051 1
0.188589 1
0.091735 1
0.187547 1
0.192694 1
0.239412 1
0.120426 1
0.339643 2
0.000064 8
2.339777 1
0.360149 1
0.180006 1
0.200012 1
0.219903 1
0.120546 1
0.547731 28
0.000019 2
0.000045 8
1.999770 1
0.192054 1
0.179911 1
0.240415 1
0.200121 1
0.079920 1
0.147406 1
0.080155 1
0.199953 1
0.112075 1
0.087798 1
0.080036 1
0.132067 1
0.160423 1
0.379667 1
0.140140 1
0.299888 1
0.819957 4
0.180330 1
0.200133 1
0.087884 1
0.520088 1
0.211823 1
0.267614 1
0.112515 1
0.099444 1
0.740428 2
0.000053 8
0.960114 1
0.099902 1
0.300038 1
0.100123 1
0.440316 1
0.175383 1
1.083870 1
0.740014 31
0.000014 2
0.000009 31
0.000009 2
0.000011 19
0.000008 2
0.000016 21
0.000008 2
0.000008 31
0.000011 2
0.000012 18
0.000012 2
0.000008 11
0.000008 2
0.000007 19
0.000008 2
0.000010 55
0.000008 2
0.000052 8
27.060242 10
1.780057 1
0.199906 1
0.219884 1
0.819946 1
0.480133 1
0.159802 1
0.488103 1
0.271999 1
0.120048 1
0.139863 1
0.140115 1
0.339942 1
0.180038 1
0.100093 1
0.119947 1
0.399816 1
0.188166 1
0.111926 1
0.268073 1
0.191846 1
0.140226 1
0.599813 10
15.779996 1
0.180124 1
0.300524 1
2.707762 1
0.000032 3
0.000014 1
0.000012 1
0.000013 1
0.000029 1
0.000026 1
0.000019 1
0.000014 1
0.000014 1
0.000013 1
0.000014 1
0.000014 1
0.000014 1
0.000015 1
0.000015 1
0.000014 1
0.000014 1
0.000015 1
0.000015 1
0.000015 1
0.000025 1
0.000023 1
0.000016 1
0.000015 1
0.000016 1
0.000016 1
0.000015 1
0.000016 1
0.000016 1
0.000016 1
0.000016 1
0.000246 1
0.000018 1
0.000017 1
0.000030 1
0.000025 1
0.000031 1
0.000019 1
0.000017 1
0.000017 1
0.000018 1
0.000018 1
0.000017 1
0.000103 1
0.000020 1
0.000018 1
0.000073 1
0.000032 1
0.000073 1
0.000081 1
0.000072 1
0.000069 1
0.000021 1
0.000076 1
0.000082 1
0.000082 1
0.000077 1
0.000056 1
0.000062 1
0.000056 1
0.000020 1
0.000055 1
0.000055 1
0.000055 1
0.000055 1
0.000022 1
0.000069 1
0.000055 1
0.000059 1
0.000056 1
0.000055 1
0.000056 1
0.000096 1
0.000034 1
0.000115 1
0.000040 1
0.000077 1
0.000103 1
0.000073 1
0.000059 1
0.000059 1
0.000073 1
0.000099 1
0.000064 1
0.000058 1
0.000058 1
0.000057 1
0.000082 1
0.000083 1
0.000072 1
0.000071 3
0.000056 1
0.000015 1
0.000049 1
0.000016 1
0.000050 1
0.000015 1
0.000015 1
0.000051 1
0.000015 1
0.000051 1
0.000026 1
0.000057 1
0.000016 1
0.000064 1
0.000016 1
0.000016 1
0.000053 1
0.000017 1
0.000060 1
0.000030 1
0.000088 1
0.000032 1
0.000091 1
0.000020 1
0.000073 1
0.000062 1
0.000018 1
0.000053 1
0.000053 1
0.000018 1
0.000052 1
0.000019 1
0.000052 1
0.000065 1
0.000058 1
0.000030 1
0.000058 1
0.000054 1
0.000053 1
0.000020 1
0.000068 1
0.000020 1
0.000056 1
0.000088 1
0.000027 1
0.000072 1
0.000060 1
0.000055 1
0.000055 1
0.000020 1
0.000055 1
0.000055 1
0.000055 1
0.000021 1
0.000087 1
0.000069 1
0.000022 1
0.000058 1
0.000057 1
0.000022 1
0.000068 1
0.000058 1
0.000033 1
0.000098 1
0.000081 1
0.000059 1
0.000076 1
0.000022 1
0.000057 1
0.000055 1
0.000056 1
0.000023 1
0.000079 1
0.000079 1
0.000061 1
0.000057 1
0.000070 1
0.000067 1
0.000072 1
0.000072 1
0.000076 1
0.000072 1
0.000077 1
0.000026 1
0.000078 1
0.000057 1
1.143313 10
24.640129 1
0.199906 1
0.199854 1
3.608173 1
0.000026 1
0.000031 1
0.000020 1
0.000019 1
0.000029 1
0.000019 1
0.000039 1
0.000021 1
0.000022 1
0.000021 1
0.000031 1
0.000022 1
0.000027 1
0.000024 1
0.000053 1
0.000028 1
0.000024 1
0.000024 1
0.000025 1
1.151410 10
1.100227 1
0.179881 1
0.219987 1
12.788111 1
0.000022 2
0.000027 1
0.000021 2
0.000012 1
0.000022 1
0.000022 1
0.000015 1
0.000014 1
0.000033 1
0.000013 1
0.000014 1
0.000013 1
0.000013 1
0.000014 1
0.000015 1
0.000025 1
0.000243 1
0.000016 1
0.000015 1
0.000022 1
0.000022 1
0.000016 1
0.000015 1
0.000015 1
0.000024 1
0.000019 1
0.000016 1
0.000016 1
0.000016 1
0.000020 1
0.000024 1
0.000016 1
0.000084 1
0.000018 1
0.000017 1
0.000066 1
0.000018 1
0.000092 1
0.000080 1
0.000018 1
0.000018 1
0.000075 1
0.000076 1
0.000019 1
0.000088 1
0.000077 1
0.000020 1
0.000079 1
0.000030 1
0.000076 1
0.000069 1
0.000020 1
0.000054 1
0.000020 1
0.000054 1
0.000053 1
0.000107 1
0.000026 1
0.000021 1
0.000020 1
0.000059 1
0.000067 1
0.000030 1
0.000061 1
0.000075 1
0.000175 1
0.000071 1
0.000073 1
0.000062 1
0.000059 1
0.000059 1
0.000068 1
0.000089 1
0.000071 1
0.000074 1
0.000065 1
0.000063 1
0.000080 1
0.000088 1
0.000027 1
0.000072 1
0.000060 1
0.000068 1
0.000058 1
0.000056 1
0.000066 1
0.000065 1
0.000085 1
0.000081 1
0.000079 1
0.000078 3
0.000062 1
0.000063 1
2.967447 10
13.940138 10
2.240032 1
0.139965 1
0.199911 1
0.288006 1
0.211926 1
0.099873 1
0.100238 1
0.079853 1
0.208151 1
0.091864 1
0.099982 1
0.108034 1
0.192144 1
0.427993 1
0.051794 1
0.080032 1
0.100069 1
0.207997 1
0.112008 1
0.059876 1
0.120029 1
0.108319 1
0.511757 1
0.220004 1
0.119979 1
0.100010 1
0.260002 1
0.179980 1
0.340105 1
0.119929 1
0.099940 1
0.140030 1
0.219943 1
0.068087 1
0.092064 1
0.120063 1
0.119883 1
0.079972 1
0.099931 1
0.240197 1
0.099885 1
0.580012 10
1.079934 1
0.287980 1
0.112001 1
0.660089 4
0.180013 4
0.379917 1
0.140011 1
0.148231 1
0.171828 1
0.080091 1
0.700215 38
3.527699 1
0.151979 1
0.179986 1
0.259974 1
0.200106 1
0.120042 1
0.100073 1
0.059865 1
0.188488 1
0.179538 1
0.231983 1
0.179995 1
0.180021 1
0.139946 1
0.859988 1
0.119988 1
0.099983 1
0.139967 1
0.179967 1
0.300151 1
0.120008 1
0.060061 1
0.139857 1
0.099915 1
0.208160 1
0.071916 1
0.140041 1
0.120021 1
0.139999 1
0.239998 1
0.120033 1
0.099977 1
1.119997 1
0.179922 1
0.919989 1
0.467956 4
0.212250 4
0.159905 4
0.199922 4
0.500055 1
0.419998 4
0.320004 1
0.380120 1
0.839791 1
0.140094 1
0.219919 1
0.120018 1
0.139999 1
0.619963 4
0.360128 1
0.180043 1
0.139861 1
0.180003 1
0.720068 1
0.199926 1
0.108000 1
0.132030 1
1.340154 10
4.839898 1
0.399932 1
0.099926 1
0.820121 1
0.239978 1
0.159992 1
0.099907 1
0.540047 1
0.240052 1
0.680106 1
0.379838 1
0.279993 1
2.080081 1
0.207949 1
0.151918 1
0.220279 1
0.119934 1
0.439802 1
0.140091 1
0.148143 1
0.211912 1
0.699880 1
0.800095 1
0.179931 1
0.179941 1
3.080113 10
0.939989 1
0.339938 1
0.180060 1
0.620055 10
0.739934 1
0.179961 1
0.620052 1
0.287885 1
0.172076 1
0.100061 1
0.419977 1
0.320065 1
0.159935 1
0.640060 10
0.799945 1
0.220013 1
0.759897 1
0.320043 1
0.240104 1
0.099949 1
1.180102 1
1.739918 10
0.580384 1
0.219811 1
0.219770 1
0.679950 4
0.700014 1
0.279939 1
0.860213 1
0.115823 1
0.123971 1
0.140128 1
0.328006 1
0.631995 10
0.840036 1
0.199924 1
0.740146 1
0.359881 1
1.639980 1
0.120030 1
0.108071 1
0.251924 1
0.160036 1
0.539935 1
1.180101 10
0.959876 1
0.248008 1
0.712172 1
1.399916 1
0.359853 1
0.140065 1
0.779805 1
0.300391 1
0.139817 1
0.139885 1
0.160217 1
0.187938 1
0.091988 1
0.159877 1
0.148038 1
2.672035 2
0.000052 8
2.179945 1
0.260017 1
0.060109 1
0.219909 1
0.120102 1
0.899794 1
0.100015 1
0.139956 1
0.240434 1
0.179597 1
0.288153 1
0.298456 1
0.193494 1
0.499926 1
1.220151 10
0.867739 1
0.232154 1
0.179853 1
0.240134 1
0.120006 1
0.199972 1
0.740123 1
0.140037 1
0.119869 1
0.288048 1
0.111917 1
0.499980 1
0.119998 1
1.160069 1
0.180076 1
0.559891 1
0.179877 1
0.180025 1
0.108116 1
0.311975 1
0.080002 1
0.180018 1
0.239999 1
0.227958 1
0.592299 1
0.287816 1
0.171900 1
0.440052 1
0.300031 1
0.420031 1
0.220002 1
0.359898 1
0.599970 1
0.400130 1
0.220100 1
0.139912 1
3.059999 1
0.860055 1
0.099997 1
0.179932 1
0.139929 1
0.139977 1
0.168055 1
0.112029 1
0.139901 1
1.260021 1
0.540032 1
0.940045 4
0.500003 1
0.339973 1
0.459843 1
0.380068 1
0.340269 1
0.159783 1
0.820174 1
0.680212 2
0.001995 8
1.577598 1
0.160131 1
0.199823 1
0.288015 1
0.212092 1
0.119970 1
0.140011 1
0.040002 1
0.199963 1
0.099891 1
0.080093 1
0.080017 1
0.099999 1
0.159954 1
0.060294 1
0.179877 1
0.079960 1
0.180085 1
0.239920 1
0.279937 1
0.140071 1
0.308110 10
0.651808 1
0.240015 1
0.139900 1
0.100110 1
0.220054 1
0.099956 1
0.380275 45
0.000212 2
0.000058 8
3.899423 1
0.160307 1
0.159719 1
0.499942 1
0.220065 1
0.560146 1
0.159820 1
0.179991 1
0.099961 1
0.099990 1
0.140042 1
0.120033 1
0.119996 1
0.120013 1
0.199935 1
0.120120 1
0.139947 1
0.099984 1
0.188105 1
0.391867 1
0.140160 1
0.120120 1
0.139748 1
0.540312 10
2.819610 1
0.699985 1
0.320009 1
0.100144 1
0.240044 1
0.127919 1
0.155219 1
0.176866 1
0.919858 4
0.220096 4
0.180187 4
0.159769 4
0.800050 1
0.200036 1
0.107874 1
0.152037 1
1.379891 1
0.288065 1
0.131902 1
0.288128 1
0.132109 1
0.459966 1
0.199812 1
0.140064 1
0.219946 1
0.339929 1
0.260173 1
0.119945 1
0.140043 1
0.740169 27
0.000163 2
0.000081 3
0.000075 2
0.000061 9
0.000012 2
0.000010 7
0.000011 2
0.000010 9
0.000011 2
0.000010 10
0.000018 2
0.000012 15
0.000010 2
0.000104 14
0.000012 2
0.000015 53
0.000011 2
0.000060 8
13.859075 1
0.460044 4
0.640125 1
0.219960 1
0.079875 1
0.159985 1
0.340025 1
0.319865 1
0.160272 1
1.119930 1
0.120101 1
0.199892 1
0.659998 4
0.220103 1
0.259906 1
0.100068 1
0.259885 1
0.180116 1
1.039871 1
0.180079 1
0.120071 1
0.219924 1
0.120034 1
0.419925 1
0.140027 1
0.147871 1
0.220125 1
0.511921 1
0.260014 1
0.500026 1
0.140008 1
0.799982 1
0.439984 2
0.000178 8
23.179894 2
0.000055 8
0.919907 1
0.859896 4
0.440213 1
0.139819 1
0.180098 1
3.180073 1
0.000071 1
0.000041 1
0.000281 1
0.000022 1
0.000021 1
0.000020 1
0.000021 1
0.000021 1
0.000052 1
0.000022 1
0.000021 1
0.000022 1
0.000022 1
0.739345 10
1.101781 1
0.138067 1
0.260068 1
0.288408 10
10.711638 1
0.200083 1
0.700154 1
2.259994 1
0.000017 1
0.000014 1
0.000012 1
0.000013 1
0.000012 1
0.000018 1
0.000022 1
0.000014 1
0.000013 1
0.000013 1
0.000014 1
0.000013 1
0.000014 1
0.000014 1
0.000014 1
0.000014 1
0.000015 1
0.000015 1
0.000014 1
0.000015 1
0.000014 1
0.000015 1
0.000015 1
0.000015 1
0.000016 1
0.000015 1
0.000016 1
0.000015 1
0.000016 1
0.000016 1
0.000016 1
0.000016 1
0.000026 1
0.000016 1
0.000016 1
0.000016 1
0.000016 1
0.000026 1
0.000023 1
0.000018 1
0.000021 1
0.000026 1
0.000018 1
0.000018 1
0.000023 1
0.000049 1
0.000252 1
0.000020 1
0.000022 1
0.000027 1
0.000020 1
0.000028 1
0.000018 1
0.000019 1
0.000018 1
0.000019 1
0.000019 1
0.000019 1
0.000020 1
0.000125 1
0.000022 1
0.000020 1
0.000073 1
0.000021 1
0.000069 1
0.000080 1
0.000083 1
0.000087 1
0.000100 1
0.000072 1
0.000069 1
0.000059 1
0.000056 1
0.000055 1
0.000022 1
0.000055 1
0.000059 1
0.000055 1
0.000069 1
0.000069 1
0.000061 1
0.000064 1
0.000085 1
0.000099 1
0.000040 1
0.000075 1
0.000071 1
0.000069 1
0.000054 1
0.000057 1
0.000057 1
0.000076 1
0.000058 3
0.000060 1
0.000051 1
0.000015 1
0.000049 1
0.000015 1
0.000060 1
0.000016 1
0.000069 1
0.000063 1
0.000020 1
0.000063 1
0.000024 1
0.000062 1
0.000017 1
0.000060 1
0.000017 1
0.000051 1
0.000017 1
0.000049 1
0.000017 1
0.000049 1
0.000017 1
0.000060 1
0.000056 1
0.000018 1
0.000050 1
0.000050 1
0.000018 1
0.000050 1
0.000021 1
0.000071 1
0.000061 1
0.000075 1
0.000019 1
0.000059 1
0.000026 1
0.000069 1
0.000020 1
0.000064 1
0.000055 1
0.000019 1
1.134502 10
12.740077 1
0.179936 1
0.899920 1
2.308185 1
0.000018 1
0.000021 1
0.000014 1
0.000013 1
0.000012 1
0.000022 1
0.000013 1
0.000014 1
0.000020 1
0.000030 1
0.000017 1
0.000016 1
0.000022 1
0.000041 1
0.000025 1
0.000236 1
0.000017 1
0.000015 1
0.000014 1
0.000015 1
0.000014 1
0.000015 1
0.000022 1
0.000030 1
0.000016 1
0.000015 1
0.000017 1
0.000026 1
0.000017 1
0.000016 1
0.000016 1
0.000016 1
0.000102 1
0.000018 1
0.000017 1
0.000017 1
0.000075 1
0.000070 1
0.000019 1
0.000085 1
0.000019 1
0.000017 1
0.000091 1
0.000087 1
0.000034 1
0.000076 1
0.000030 1
0.000080 1
0.000091 1
0.000033 1
0.000060 1
0.000071 1
0.000060 1
0.000053 1
0.000063 1
0.000020 1
0.000067 1
0.000057 1
0.000068 1
0.000058 1
0.000068 1
0.000072 1
0.000058 1
0.000073 1
0.000025 1
0.000092 1
0.000098 1
0.000090 1
0.000094 1
0.000138 1
0.000094 1
0.000073 1
0.000022 1
0.000056 1
0.000075 1
0.000066 1
0.000023 1
0.000057 1
0.000083 1
0.000073 1
0.000057 1
0.000056 1
0.000071 1
0.000072 1
1.208029 10
2.679909 10
8.100006 1
0.199987 1
0.679944 1
2.120027 1
0.000034 1
0.000025 1
0.000022 1
0.000321 3
0.000105 1
0.000032 1
0.000022 1
0.779375 10
7.848096 1
0.171954 1
0.759908 1
1.408283 1
0.000026 1
0.000022 1
0.000019 1
0.000020 1
0.000030 1
0.000020 1
0.000021 1
0.000027 1
0.000023 1
0.000021 1
0.000232 1
0.000022 1
0.000021 1
0.000030 1
0.000023 1
0.000030 1
0.000027 1
0.000023 1
0.000023 1
0.000023 1
0.000032 1
0.000022 1
0.000103 1
0.000025 1
0.000024 1
0.000134 1
0.000026 1
0.000026 1
0.000026 1
0.000094 1
0.000028 1
0.000118 1
0.000097 1
0.000091 1
0.000028 1
0.000094 1
0.000094 1
0.000030 1
0.000079 1
0.000085 1
0.869945 10
9.739997 1
0.179842 1
0.800110 1
2.428006 1
0.000025 1
0.000013 1
0.000011 1
0.000014 1
0.000049 1
0.000243 1
0.000030 1
0.000024 1
0.000031 1
0.000026 1
0.000025 1
0.000024 1
0.000029 1
0.000027 1
0.000023 1
0.000022 1
0.000024 1
0.000133 1
0.000026 1
0.000022 1
0.000025 1
0.000103 1
0.000027 1
0.000088 1
0.000026 1
0.000076 1
0.000088 1
0.000029 1
0.000091 1
0.000067 1
0.000062 1
0.930456 10
12.920180 10
0.955770 1
0.164081 1
0.179986 1
0.260115 1
0.519958 1
0.047879 1
0.031994 1
0.060076 1
0.039925 1
0.066100 1
0.034042 1
0.059935 1
0.047931 1
0.052103 1
0.039992 1
0.059911 1
0.060160 1
0.039840 1
0.059939 1
0.040160 1
0.040040 1
0.059792 1
0.060117 1
0.039997 1
0.639951 2
0.000069 8
3.339916 1
0.200096 1
0.679884 1
5.160028 1
0.000019 1
0.000012 1
0.000012 1
0.000013 1
0.720250 10
9.447661 1
0.192173 1
0.679961 1
1.688521 1
0.000033 1
0.000029 1
0.000020 1
0.000020 1
0.000020 1
0.000024 1
0.000022 1
0.000026 1
0.000022 1
0.000028 1
0.000022 1
0.000022 1
0.000022 1
0.000021 1
0.000023 1
0.000022 1
0.000024 1
0.000023 1
0.000023 1
0.000024 1
0.000023 1
0.000024 1
0.000033 1
0.000024 1
0.000025 1
0.000025 1
0.000024 1
0.000025 1
0.000025 1
0.000026 1
0.000025 1
0.000027 1
0.000026 1
0.000026 1
0.000026 1
0.000027 1
0.000028 1
0.000251 1
0.000039 1
0.000032 1
0.000030 1
0.000029 1
0.000030 1
0.000030 1
0.000030 1
0.000112 1
0.000039 1
0.000114 1
0.000092 1
0.000033 1
0.000099 1
0.000090 1
0.000043 1
0.000123 1
0.000091 1
0.000094 1
0.000094 1
0.000083 1
0.000087 1
0.000081 1
0.000080 1
0.000080 1
0.000080 1
0.000079 1
0.000082 1
0.000082 1
0.000083 1
0.000085 1
0.000084 1
0.000083 1
0.000092 1
0.000086 1
0.000093 1
0.000088 1
0.000085 1
0.000086 1
0.000086 1
0.000087 1
0.000088 1
0.000105 1
0.000088 1
0.000116 1
0.000090 1
0.000110 1
0.000104 1
0.000090 1
0.000101 1
0.000094 1
0.000095 1
0.000097 1
0.000095 1
0.000102 1
0.000097 3
0.000079 1
0.000065 1
0.000070 1
0.000024 1
0.000071 1
0.000024 1
0.000087 1
0.000026 1
0.000073 1
0.000025 1
0.000074 1
0.000025 1
0.000072 1
0.000026 1
0.000072 1
0.000078 1
0.000027 1
0.000078 1
0.000073 1
0.000028 1
0.000074 1
0.000075 1
0.000029 1
0.000075 1
0.000076 1
0.000029 1
0.000076 1
0.000077 1
0.000077 1
0.000030 1
0.000078 1
0.000077 1
0.000088 1
0.000031 1
0.000079 1
0.000126 1
0.000080 1
0.000077 1
0.000078 1
0.000078 1
0.000080 1
0.000079 1
0.000033 1
0.000081 1
0.000080 1
0.000090 1
0.000081 1
0.000082 1
0.000081 1
0.000082 1
0.000082 1
0.000083 1
0.000083 1
0.000086 1
0.000085 1
0.000092 1
0.000099 1
0.000086 1
0.000083 1
0.000093 1
0.000081 1
0.000081 1
0.000082 1
0.000078 1
0.000116 1
0.000088 1
0.000086 1
0.000092 1
0.000100 1
0.000083 1
0.000084 1
0.000091 1
0.000083 1
0.000092 1
0.000089 1
0.000094 1
0.000091 1
0.000092 1
0.000099 1
0.000108 1
0.000091 1
0.000089 1
0.000098 1
0.000087 1
0.000098 1
0.000092 1
0.000093 1
0.000095 1
0.000093 1
0.000118 1
0.000097 1
0.000094 1
0.000104 1
0.000093 1
0.000093 1
0.000106 1
0.000097 1
0.000097 1
0.000094 1
0.000102 1
0.000097 1
0.000102 1
0.000112 1
0.000105 1
0.000096 3
0.000092 1
0.000078 1
0.000079 1
0.000079 1
0.000077 1
0.000086 1
0.000080 1
0.000080 1
0.000079 1
0.000080 1
0.000079 1
0.000081 1
0.000080 1
0.000078 1
0.000084 1
0.000071 1
0.000074 1
0.000075 1
0.000083 1
0.000076 1
0.000076 1
0.000075 1
0.000077 1
0.000077 1
0.000077 1
0.000078 1
0.000078 1
0.000080 1
0.000084 1
0.000079 1
0.000080 1
0.000089 1
0.000081 1
0.000080 1
0.000081 1
0.000082 1
0.000080 1
0.000080 1
0.000080 1
0.000078 1
0.000083 1
0.000081 1
0.000090 1
0.000086 1
0.000094 1
0.000089 1
0.000089 1
0.000089 1
0.000090 1
0.000093 1
0.000086 1
0.000115 1
0.000092 1
0.000094 1
0.000091 1
0.000096 1
0.000092 1
0.000091 1
0.000091 1
0.000091 1
0.000090 1
0.000090 1
0.000091 1
0.000093 1
0.000119 1
0.000097 1
0.000103 1
0.000121 1
0.000103 1
0.000102 1
0.000096 1
0.000097 1
0.000099 1
0.000098 1
0.000122 1
0.000108 1
0.000103 1
0.000113 1
0.000116 1
0.000096 1
0.000097 1
0.000095 1
0.000100 1
0.000099 1
0.000107 1
0.000100 1
0.000100 1
0.000099 1
0.000108 1
0.000113 1
0.000101 1
0.000104 1
0.000101 1
0.000108 1
0.000103 1
0.000101 1
0.000108 1
0.000098 1
0.000108 1
0.000110 1
0.000110 1
0.000104 1
0.000114 1
0.000137 1
0.000112 3
0.000095 1
0.747632 10
13.520041 1
0.227934 1
0.112204 1
2.947929 1
0.000029 1
0.000029 1
0.000031 1
0.000036 1
0.000020 1
0.000020 1
0.000029 1
0.000020 1
0.000020 1
0.000030 1
0.000021 1
0.000021 1
0.000021 1
0.000284 1
0.000058 1
0.000025 1
0.000024 1
0.000023 1
0.000023 1
0.000022 1
0.000024 1
0.000023 1
0.000024 1
0.000024 1
0.000024 1
0.000024 1
0.000130 1
0.000026 1
0.000025 1
0.000096 1
0.000037 1
0.000087 1
0.000027 1
0.000093 1
0.000029 1
0.000085 1
0.000087 1
0.000030 1
0.000088 1
0.000087 1
0.000123 1
0.000032 1
0.000100 1
0.000088 1
0.000087 1
0.000087 1
0.000032 1
0.000077 1
0.000079 1
0.000032 1
0.000100 1
0.000079 1
0.000033 1
0.000078 1
0.000087 1
0.000082 1
0.000088 1
0.000092 1
0.000090 1
0.000079 1
0.000079 1
0.000080 1
0.000074 1
0.000092 1
0.000094 1
0.000093 1
0.000209 1
0.000047 1
0.000036 1
0.000086 1
0.000081 1
0.000081 1
0.000081 1
0.000092 1
0.000096 1
1.267063 10
12.259982 1
0.220093 1
0.680054 1
1.248178 1
0.000024 1
0.000015 1
0.000013 1
0.000013 1
0.000013 1
0.000014 1
0.000023 1
0.000013 1
0.000013 1
0.000013 1
0.000014 1
0.000013 1
0.000014 1
0.000014 1
0.000013 1
0.000014 1
0.000015 1
0.000015 1
0.000014 1
0.000014 1
0.000015 1
0.000014 1
0.000015 1
0.000015 1
0.000024 1
0.000025 1
0.000025 1
0.000016 1
0.000016 1
0.000016 1
0.000016 1
0.000016 1
0.000017 1
0.000036 1
0.000032 1
0.000029 1
0.000019 1
0.000017 1
0.000017 1
0.000017 1
0.000018 1
0.000017 1
0.000018 1
0.000017 1
0.000018 1
0.000031 1
0.000019 1
0.000025 1
0.000019 1
0.000019 1
0.000232 1
0.000036 1
0.000029 1
0.000020 1
0.000019 1
0.000019 1
0.000020 1
0.000020 1
0.000111 1
0.000022 1
0.000084 1
0.000022 1
0.000102 1
0.000074 1
0.000021 1
0.000077 1
0.000082 1
0.000070 1
0.000067 1
0.000059 1
0.000022 1
0.000055 1
0.000059 1
0.000085 1
0.000061 1
0.000052 1
0.000057 1
0.000053 1
0.000070 1
0.000070 1
0.000075 1
0.000066 1
0.000108 1
0.000070 1
0.000061 1
0.000060 1
0.000060 1
0.000059 1
0.000061 1
0.000060 1
0.000061 1
0.000060 1
0.000061 3
0.000062 1
0.000060 1
0.000051 1
0.000016 1
0.000047 1
0.000015 1
0.000062 1
0.000031 1
0.000065 1
0.000016 1
0.000015 1
0.000051 1
0.000016 1
0.000049 1
0.000016 1
0.000049 1
0.000016 1
0.000049 1
0.000016 1
0.000049 1
0.000017 1
0.000049 1
0.000049 1
0.000019 1
0.000049 1
0.000050 1
0.000017 1
0.000050 1
0.000069 1
0.000031 1
0.000055 1
0.000052 1
0.000031 1
0.000063 1
0.000054 1
0.000052 1
0.000051 1
0.000019 1
0.000052 1
0.000051 1
0.000051 1
0.000020 1
0.000052 1
0.000053 1
0.000052 1
0.000021 1
0.000052 1
0.000052 1
0.000053 1
0.000065 1
0.000068 1
0.000058 1
0.000021 1
0.000065 1
0.000040 1
0.000100 1
0.000079 1
0.000085 1
0.000083 1
0.000090 1
0.000108 1
0.000089 1
1.105393 10
8.079868 1
0.159903 1
0.128111 1
2.401311 135
0.710605 10
7.780025 1
0.159989 1
0.128088 1
3.000081 1
0.000021 1
0.000013 1
0.000013 1
0.000012 1
0.000014 1
0.000014 1
0.000029 1
0.000014 1
0.000013 1
0.000013 1
0.000014 1
0.000014 1
0.000013 1
0.000014 1
0.000014 1
0.000014 1
0.000022 1
0.000021 1
0.000016 1
0.000014 1
0.000015 1
0.000280 1
0.000018 1
0.000016 1
0.000015 1
0.000025 1
0.000018 1
0.000016 1
0.000015 1
0.000016 1
0.000015 1
0.000016 1
0.000015 1
0.000017 1
0.000016 1
0.000016 1
0.000027 1
0.000122 1
0.000029 1
0.000075 1
0.000018 1
0.000068 1
0.000018 1
0.000120 1
0.000019 1
0.000048 1
0.000100 1
0.000094 1
0.000099 1
0.000020 1
0.000075 1
0.000067 1
0.000057 1
0.000053 1
0.000027 1
0.000055 1
0.000054 1
0.000052 1
0.000053 1
0.000084 1
0.000030 1
0.000020 1
0.000071 1
0.000069 1
0.000104 1
0.000074 1
0.000054 1
0.000052 1
0.000052 1
0.000052 1
0.000062 1
0.000108 1
0.000067 1
0.000063 1
0.000057 1
0.000082 1
0.000067 1
0.000066 1
0.000079 1
0.000081 1
0.000070 1
0.000055 1
0.000053 1
0.000054 1
0.000054 1
0.000064 1
0.000082 1
0.000056 1
0.000056 1
0.000056 1
0.000085 1
0.000061 1
0.000068 3
0.000067 1
0.000019 1
0.000067 1
0.000026 1
0.000053 1
0.000015 1
0.000049 1
0.000015 1
0.000048 1
0.000016 1
0.000049 1
0.000016 1
0.000048 1
0.000016 1
0.000049 1
0.000034 1
0.000059 1
0.000050 1
0.000049 1
0.000016 1
0.000069 1
0.000074 1
0.000018 1
0.000017 1
0.000051 1
0.000017 1
0.000070 1
0.000024 1
0.000070 1
0.000027 1
0.000056 1
0.000051 1
0.000051 1
0.000019 1
0.000051 1
0.000051 1
0.000019 1
0.000051 1
0.000063 1
0.000020 1
0.000052 1
0.000077 1
0.000081 1
0.000061 1
0.000053 1
0.000052 1
0.000023 1
0.000106 1
0.000075 1
0.000058 1
0.865255 10
1.120021 10
7.299901 1
0.179974 1
0.179999 1
2.940301 13
0.859789 10
6.780024 1
0.180097 1
1.779832 4
0.379912 1
0.159985 1
2.090900 48
1.469176 10
6.839865 1
0.180096 1
0.099889 1
2.707992 1
0.000018 1
0.000014 1
0.000013 1
0.000013 1
0.000013 1
0.000013 1
0.000022 1
0.000013 1
0.000225 1
0.000016 1
0.000013 1
0.000019 1
0.000024 1
0.000029 1
0.000019 1
0.000015 1
0.000015 1
0.000029 1
0.000020 1
0.871796 10
8.779814 1
0.179982 1
0.140111 1
2.268082 1
0.000030 1
0.000013 1
0.000013 1
0.000040 1
0.000013 1
0.000013 1
0.000017 1
0.000015 1
0.000013 1
0.000013 1
0.000019 1
0.000032 1
0.000024 1
0.000020 1
0.000026 1
0.000207 1
0.000021 1
0.000015 1
0.000034 1
0.000017 1
0.000015 1
0.000015 1
0.000015 1
0.000015 1
0.000016 1
0.000015 1
0.000015 1
0.000020 1
0.000092 1
0.000020 1
0.000087 1
0.000075 1
0.000018 1
0.000064 1
0.000017 1
0.000062 1
0.000018 1
0.000085 1
0.000078 1
0.000070 1
0.000019 1
0.000064 1
0.000027 1
0.000071 1
0.000055 1
0.000051 1
0.000051 1
0.000019 1
0.000060 1
0.000069 1
0.000058 1
0.000060 1
0.000053 1
0.000019 1
0.000052 1
0.000073 1
0.000067 1
0.000070 1
0.000056 1
0.000052 1
0.000078 1
0.000070 1
0.000021 1
0.000055 1
0.000034 1
0.000101 1
0.000092 1
0.000097 1
0.000091 1
0.000091 1
1.088692 10
6.979993 1
0.180054 1
0.107832 1
2.612236 1
0.000023 1
0.000015 1
0.000014 1
0.000029 1
0.000046 1
0.000015 1
0.000013 1
0.000013 1
0.000013 1
0.000018 1
0.000231 1
0.000015 1
0.000015 1
0.000020 1
0.000015 1
0.000014 1
0.000015 1
0.000016 1
0.000015 1
0.000014 1
0.000025 1
0.000014 1
0.000015 1
0.000015 1
0.000014 1
0.000015 1
0.000016 1
0.000098 1
0.000028 1
0.000078 1
0.000067 1
0.000025 1
0.000067 1
0.000085 1
0.000019 1
0.000066 1
0.000032 1
0.000069 1
0.000074 1
0.000019 1
0.000060 1
0.000053 1
0.000020 1
0.000085 1
0.000023 1
0.000018 1
0.000053 1
0.000050 1
0.000019 1
0.000049 1
0.000050 1
0.000028 1
0.000066 1
0.000053 1
0.000053 1
0.000076 1
0.000068 1
0.000056 1
0.000070 1
0.000064 1
0.000121 1
0.000056 1
0.000066 1
1.257232 10
7.039940 1
0.240030 1
0.180049 1
2.267996 1
0.000021 1
0.000017 1
0.000021 1
0.000017 1
0.000014 1
0.000036 1
0.000017 1
0.000014 1
0.000013 1
0.000014 1
0.000013 1
0.000252 1
0.000017 1
0.000014 1
0.000014 1
0.000020 1
0.000016 1
0.000015 1
0.000015 1
0.000014 1
0.000015 1
0.000015 1
0.000015 1
0.000021 1
0.000016 1
0.000016 1
0.000015 1
0.000104 1
0.000029 1
0.000017 1
0.000074 1
0.000017 1
0.000016 1
0.000068 1
0.000069 1
0.000018 1
0.000085 1
0.000076 1
0.000019 1
0.000093 1
0.000070 1
0.000030 1
0.000077 1
0.000058 1
0.000051 1
0.000051 1
0.000050 1
0.000041 1
0.000083 1
0.000050 1
0.000051 1
0.000051 1
0.000027 1
0.000053 1
0.000063 1
0.000074 1
0.000079 1
0.000055 1
0.000052 1
0.000026 1
0.000062 1
0.000090 1
0.000053 1
1.129275 10
18.020012 1
0.579839 1
0.860212 4
0.159848 4
0.660181 10
0.639992 1
0.159956 1
0.255849 1
0.404065 1
0.220058 1
0.139935 1
0.099943 1
0.080078 1
0.296104 1
0.043890 1
0.180184 1
0.119911 1
0.099918 1
0.500026 1
0.160064 1
0.179910 1
0.139977 1
0.140050 1
0.140028 1
0.139844 1
0.060212 1
0.339840 1
0.059981 1
0.159983 1
0.068044 1
0.192023 1
0.140008 1
0.220034 1
0.059985 1
0.359919 10
0.628105 1
0.172001 1
0.220304 1
0.639664 1
0.180002 1
0.120123 1
0.119910 1
0.840004 4
0.479969 1
0.160062 1
0.139892 1
0.159989 1
0.100146 1
0.099905 1
0.087992 1
0.191981 1
0.120091 1
0.159983 1
0.147955 1
0.172018 1
0.139917 1
0.140082 1
0.100058 1
0.099898 1
0.220007 1
0.119974 1
0.139939 1
0.060120 1
0.119935 1
0.100018 1
0.140206 1
0.159823 1
0.060169 1
0.199845 1
0.200102 1
0.159843 1
0.220120 1
0.519931 1
0.159938 1
0.160053 1
0.160070 1
0.139981 1
0.039963 1
0.199979 1
0.060092 1
0.140003 1
0.199981 1
0.288046 1
0.731831 2
0.000054 8
0.840010 1
0.180032 1
0.159997 1
0.219882 1
0.220149 1
0.179859 1
0.108074 1
0.132032 1
0.107950 1
0.112103 1
0.160036 1
0.159963 1
0.187997 1
0.211972 1
0.539894 2
0.000056 8
9.160014 1
0.320014 1
0.959916 4
0.199995 1
0.620073 1
0.380232 1
0.219654 1
0.200120 1
0.200014 1
0.980002 1
0.199965 1
0.140049 1
0.179847 1
0.360070 1
0.620124 1
0.499921 1
0.180093 1
0.060047 1
0.139922 1
1.179868 1
0.500023 1
0.100035 1
0.188045 1
0.192039 1
0.519974 1
0.619863 1
0.400125 34
0.000166 2
0.000054 8
8.679729 10
0.560102 1
0.639788 1
0.280064 1
0.200061 1
0.159974 1
0.320014 4
0.200074 4
0.179895 4
0.160203 4
0.979836 1
0.280057 1
0.799909 1
0.220070 1
0.100022 1
0.160052 1
0.059964 1
0.227977 1
0.191992 1
0.108014 1
0.051949 1
0.120084 1
0.099895 1
0.187993 1
0.111908 1
0.220133 1
0.440046 1
0.159889 1
0.140039 1
0.208086 1
0.111808 1
0.060007 1
0.120111 1
0.560034 10
6.279933 1
0.460124 1
0.059856 1
0.820065 1
0.287997 1
0.091914 1
0.160062 1
1.520046 1
0.219944 1
0.120011 1
0.200011 1
0.379962 1
0.200254 1
1.379865 1
0.287839 1
0.132088 1
0.099890 1
0.660099 1
0.159902 1
0.120067 1
0.240002 1
0.980019 1
0.260065 1
0.127981 1
0.231964 1
0.819950 1
1.720104 1
0.907911 1
0.272059 1
0.679940 1
0.980498 1
0.139559 1
0.179979 1
0.200007 1
0.519883 1
0.520206 1
0.100002 1
0.119780 1
0.108149 1
0.551889 1
0.700130 1
0.660134 2
0.001986 8
3.337931 10
0.479792 1
0.180107 1
0.219912 1
0.388054 1
0.212028 1
0.096016 1
0.144097 1
0.059813 1
0.180123 1
0.108013 1
0.031956 1
0.100194 1
0.159825 1
0.320089 1
0.099902 1
0.179968 1
0.080019 1
0.620028 10
1.980060 17
0.579927 66
1.444075 54
0.916084 49
1.240006 23
0.000261 2
0.000021 32
0.000008 2
0.000047 8
3.139497 1
0.199918 1
0.240108 1
0.619992 1
0.275908 1
0.524164 1
0.119800 1
0.220128 1
0.099944 1
0.139993 1
0.167991 1
0.091994 1
0.180080 1
0.499937 10
12.520195 1
0.179783 1
0.180069 1
0.920054 10
1.099985 1
0.179957 1
0.120072 1
2.906005 1
0.000018 1
0.000023 1
0.000013 1
0.000018 1
0.000015 1
0.000013 1
0.000013 1
0.000013 1
0.000014 1
0.000024 1
0.000017 1
0.000014 1
0.000018 1
0.000015 1
0.000020 1
0.000023 1
0.000019 1
0.000021 1
0.000021 1
0.000023 1
0.000026 1
0.000023 1
0.000016 1
0.000015 1
0.000015 1
0.000016 1
0.000015 1
0.000016 1
0.000015 1
0.000016 1
0.000016 1
0.000051 1
0.000020 1
0.000040 1
0.000019 1
0.000029 1
0.000022 1
0.000017 1
0.000025 1
0.000024 1
0.000018 1
0.000030 1
0.000019 1
0.000037 1
0.000018 1
0.000018 1
0.000018 1
0.000029 1
0.000021 1
0.000019 1
0.000025 1
0.000240 1
0.000033 1
0.000033 1
0.000020 1
0.000034 1
0.000021 1
0.000019 1
0.000020 1
0.000099 1
0.000081 1
0.000092 1
0.000093 1
0.000092 1
0.000080 1
0.000077 1
0.000070 1
0.000078 1
0.000022 1
0.000073 1
0.000069 1
0.000037 1
0.000059 1
0.000054 1
0.000054 1
0.000054 1
0.000068 1
0.000066 1
0.000066 1
0.000057 1
0.000054 1
0.000106 1
0.000070 1
0.000066 1
0.000058 1
0.000083 1
0.000077 1
0.000033 1
0.000067 1
0.000055 1
0.000056 1
0.000063 1
0.000067 3
0.000058 1
0.000057 1
0.000015 1
0.000015 1
0.000049 1
0.000015 1
0.000055 1
0.000067 1
0.000016 1
1.830048 10
1.499852 10
0.999853 1
0.160009 1
0.720101 1
7.240033 1
0.000020 1
0.000020 1
0.000012 1
0.000013 1
0.000012 1
0.000028 1
0.000014 1
0.000013 1
0.000014 1
0.000014 1
0.000013 1
0.000014 1
0.000014 1
0.000198 1
0.000016 1
0.000014 1
0.000014 1
0.000014 1
0.000021 1
0.000026 1
0.000023 1
0.000040 1
0.000017 1
0.000015 1
0.000016 1
0.000090 1
0.000016 1
0.000016 1
0.000020 1
0.000078 1
0.000017 1
0.000073 1
0.000018 1
0.000065 1
0.000024 1
0.000068 1
0.000064 1
0.000018 1
0.000063 1
0.000061 1
0.000019 1
0.000085 1
0.000057 1
0.000024 1
0.000096 1
0.000057 1
0.000019 1
0.000051 1
0.000052 1
0.000062 1
0.000019 1
0.000052 1
0.000063 1
0.000020 1
0.000059 1
0.000055 1
0.000052 1
0.000051 1
0.000020 1
0.000052 1
0.000052 1
0.000052 1
0.000052 1
0.000052 1
0.000063 1
0.000059 1
0.000023 1
0.000051 1
0.000052 1
0.000056 1
1.337226 2
0.000062 8
0.219941 2
0.000097 8
5.279858 1
0.160121 1
0.299863 1
0.480056 1
0.307984 1
0.171914 1
0.640137 1
0.039878 1
0.099932 1
0.288109 1
0.092118 1
0.119969 1
0.239859 1
0.100226 1
0.179880 1
0.119938 1
0.319930 1
0.120034 1
1.328041 1
0.111968 1
0.120008 1
0.119919 1
0.127987 1
0.092019 1
0.160135 1
0.099988 1
0.259995 1
0.179903 1
0.082475 1
0.437624 2
0.000130 8
0.919898 1
0.200006 1
0.199857 1
1.020051 1
0.499978 1
0.060192 1
0.039918 1
0.059943 1
0.039984 1
0.059977 1
0.039922 1
0.060034 1
0.039975 1
0.060014 1
0.039930 1
0.060190 1
0.039894 1
0.059889 1
0.040104 1
0.059999 1
0.040057 1
0.068075 1
0.052180 1
0.039793 1
0.039956 1
0.076120 1
0.044018 1
0.039838 1
0.060090 1
0.480094 2
0.000069 8
0.599867 10
1.099897 1
0.179968 1
0.180061 1
0.639976 1
0.639937 1
0.580057 1
0.600004 1
0.780169 1
0.439926 1
0.799952 1
0.699928 10
2.348043 1
0.191959 1
0.219943 1
0.180095 1
0.168037 1
0.892476 41
1.232500 1
0.294917 1
0.120082 1
0.191951 1
0.720025 6
0.000012 2
