0.024512 23
3.032088 1
1.220312 1
0.619566 1
0.180160 1
0.187722 1
1.192035 1
0.200040 1
0.200151 1
0.320313 1
0.227677 1
0.140358 1
3.931623 1
0.240314 1
0.199901 1
0.120015 1
0.479630 4
0.200653 4
0.179778 4
0.180151 4
0.199930 4
0.399901 1
0.140016 1
0.140174 1
0.377500 4
0.202422 4
0.239912 4
0.860075 1
0.239878 1
0.100115 1
0.140116 1
0.859843 1
0.119942 1
0.179754 1
1.420415 1
0.139860 1
0.227554 1
0.412497 1
0.100055 1
0.080042 1
0.247619 1
0.120302 1
0.192090 1
0.087541 1
0.972324 1
0.279554 1
0.220541 1
0.199863 1
0.180091 1
0.039998 1
0.939468 1
0.160051 1
0.200479 1
0.121080 1
0.138922 1
0.207875 1
0.272164 1
0.200098 1
0.207826 1
0.151947 1
0.139929 1
0.140189 1
0.207991 1
0.191896 1
0.219576 1
0.080444 1
0.140003 1
1.219991 4
0.215561 4
0.184440 4
0.180219 4
0.859791 4
0.379809 1
0.240176 1
0.299758 1
0.200041 1
0.200238 1
2.580029 1
0.199631 1
0.160329 1
0.139955 1
0.120202 1
0.179530 1
0.140010 1
0.220544 1
0.519751 1
0.160034 1
0.287477 1
0.172651 1
0.119523 1
0.119973 1
0.140381 1
0.187843 1
1.092128 1
0.100042 1
0.159683 1
0.140433 1
0.207869 1
0.171967 1
0.187605 1
0.052453 1
0.139551 1
0.600410 1
0.207984 1
0.231682 1
0.200374 1
0.179925 1
0.100408 1
0.267310 3
0.212322 1
0.100153 1
0.119921 1
0.139898 1
1.060152 25
1.559520 1
0.500713 1
0.939571 1
0.108228 1
0.212022 1
0.059826 1
0.119954 1
0.240092 1
0.099559 1
0.160626 1
0.187773 1
0.552193 4
0.519858 4
0.019503 4
0.076090 4
0.024418 4
0.059825 4
0.040284 4
0.059803 4
0.068159 4
0.031838 4
0.040066 4
0.067925 1
0.032076 1
0.060091 1
0.060010 1
0.039893 1
0.040035 1
0.059906 1
1.440113 1
0.180102 1
0.239938 1
0.199873 1
0.080041 1
0.120001 1
0.080141 1
0.279895 1
0.259863 1
0.240108 1
0.040082 1
0.155849 1
0.124041 1
0.139979 1
0.160009 1
0.079612 1
0.720678 25
0.899782 1
0.619981 1
0.759984 1
0.487984 1
0.051554 1
0.040007 1
0.060058 1
0.040381 1
0.059920 1
0.060074 1
0.047912 1
0.051658 1
0.040347 1
0.040003 1
0.068121 1
0.051871 1
0.047656 1
0.051984 1
0.048701 1
0.031796 1
0.059896 1
0.059984 1
0.040019 1
0.059537 1
0.040064 1
0.060624 1
0.039406 1
0.059984 1
1.059878 1
1.560921 25
1.819586 1
0.700090 1
0.319446 1
0.220516 1
0.107956 1
0.192014 1
0.175912 1
1.743773 1
0.119985 1
0.159958 1
0.100433 1
0.120215 1
0.119900 1
0.039606 1
0.148296 1
0.291865 1
0.120051 1
0.099928 1
0.248081 1
0.151612 1
0.120454 1
0.087516 1
0.072409 1
0.239609 1
0.088509 1
0.071752 1
0.347833 1
0.092320 1
0.119971 1
0.239877 1
0.120050 1
0.179654 1
0.188151 1
0.631975 1
0.160336 1
0.427655 1
0.092481 1
0.139868 1
0.148015 1
0.131815 1
0.119741 1
0.108112 1
0.372255 1
0.319909 1
0.179942 1
0.100368 1
0.087402 1
0.112414 1
1.619686 1
0.180363 1
0.639972 1
0.159659 1
0.100445 1
0.139520 1
0.060128 1
0.148671 1
0.451657 1
0.119466 1
0.300112 1
0.180391 1
1.139525 1
0.356413 1
0.263825 1
0.228213 1
0.231603 1
0.127906 1
0.132552 1
0.659663 1
0.300361 1
0.347392 1
0.174493 1
0.185536 1
0.112034 1
1.000048 4
0.200430 4
0.180039 4
0.180014 4
0.219590 4
0.999985 1
0.160580 1
0.119438 1
0.139962 1
0.180386 1
0.159914 1
0.207611 1
0.112572 1
0.099735 1
0.879860 25
2.260242 1
0.599609 1
3.096182 1
0.023943 1
0.179924 1
0.079856 1
0.120899 1
0.139248 1
0.100067 1
0.167857 1
0.112002 1
0.180456 1
0.067565 1
0.152381 1
0.119546 1
0.079973 1
0.120596 1
0.099529 1
0.139892 1
0.140536 1
0.040010 1
0.168003 1
0.111565 1
0.104014 1
0.236340 1
0.079521 1
0.100518 1
0.219567 1
0.128097 1
0.131952 1
0.120074 1
0.219810 1
0.740542 25
16.319467 1
0.400442 1
3.187654 1
0.000029 1
0.000021 1
0.000025 1
0.000024 1
0.000034 1
0.000239 1
0.000032 1
0.000025 1
0.000030 1
0.000027 1
0.000024 1
0.000025 1
0.000025 1
0.000055 1
0.000104 1
0.000026 1
0.000093 1
0.000028 1
0.751557 25
9.519835 1
0.299735 1
2.340443 1
0.000026 1
0.000020 2
0.000018 1
0.000025 1
0.000024 1
0.000216 1
0.000027 1
0.000019 1
0.000015 1
0.000015 1
0.000015 1
0.000020 1
0.000017 1
0.000016 1
0.000015 1
0.000021 1
0.000018 1
0.000016 1
0.919578 25
7.519457 1
0.219946 1
2.707925 1
0.000022 1
0.000014 1
0.000014 1
0.000014 1
0.000023 1
0.000171 1
0.000016 1
0.000015 1
0.000022 1
0.000021 1
0.000015 1
0.000015 1
0.000015 1
0.000015 1
0.000051 1
0.000016 1
0.000015 1
0.000104 1
0.000031 1
1.331602 2
0.000107 23
9.879861 1
0.188275 1
2.512001 1
0.000020 1
0.000014 1
0.000014 1
0.000014 1
0.000037 1
0.000028 1
0.000181 1
0.000016 1
0.000015 1
0.000028 1
0.000020 1
0.000015 1
0.000026 1
0.000017 1
0.000015 1
0.000121 1
0.000034 1
0.739039 25
2.240029 1
0.319811 1
7.848492 1
0.000025 1
0.000020 1
0.000024 1
0.000046 1
0.000274 1
0.000019 1
0.000015 1
0.000015 1
0.000014 1
0.000015 1
0.000015 1
0.000014 1
0.000015 1
0.000015 1
0.000016 1
0.000015 1
0.000016 1
0.000017 1
0.000016 1
0.711540 25
1.439971 1
0.139609 1
6.839949 1
1.060312 4
3.208066 1
0.000021 1
0.000021 1
0.000031 1
0.000046 1
0.000288 1
0.000027 1
0.000017 1
0.000015 1
0.000014 1
0.000024 1
0.000024 1
0.000016 1
0.000016 1
0.000015 1
0.971166 25
1.940211 1
0.539741 1
7.719909 1
0.000034 1
0.000017 1
0.000016 1
0.000036 1
0.000025 1
0.000155 1
0.000102 1
0.000019 1
0.000015 1
0.000014 1
0.000015 1
0.000015 1
0.000021 1
0.000016 1
0.000015 1
0.000015 1
0.939821 25
2.020009 1
0.479946 1
8.100065 1
0.000020 1
0.000014 1
0.000030 1
0.000014 1
0.000029 1
0.000015 1
0.000014 1
0.000014 1
0.000014 1
0.000014 1
0.000015 1
0.000014 1
0.000015 1
0.000024 1
0.000014 1
0.000015 1
0.000015 1
0.000016 1
0.000015 1
0.000025 1
0.000018 1
0.000039 1
0.000022 1
0.000016 1
0.000025 1
0.000026 1
1.259672 25
1.739433 1
0.459981 1
7.740108 1
0.000025 1
0.000016 1
0.000014 1
0.000014 1
0.000015 1
0.000014 1
0.000015 1
0.000014 1
0.000015 1
0.000017 1
0.000026 1
0.000017 1
0.000015 1
0.000015 1
0.000015 1
0.000015 1
0.000016 1
0.000017 1
0.000016 1
0.000016 1
0.000016 1
0.000016 1
0.000027 1
0.000019 1
0.000046 1
0.000029 1
0.000017 1
0.000017 1
1.379450 25
2.800417 1
0.339547 1
0.960388 1
0.499664 1
0.060441 1
0.039462 1
0.048444 1
0.051643 1
0.059939 1
0.039951 1
0.060261 1
0.048113 1
0.051836 1
0.039992 1
0.059750 1
0.048100 1
0.051967 1
0.040635 1
0.039913 1
0.059414 1
0.068627 1
0.031606 1
0.060303 1
0.039683 1
0.060031 1
0.048277 1
0.052032 1
0.039573 1
0.068154 1
0.032249 1
0.059663 1
0.040400 1
0.059590 1
0.840567 25
1.847808 1
0.331985 1
1.199460 1
0.148438 1
0.111595 1
0.160483 1
0.212045 1
0.135856 1
0.591932 25
18.460118 1
0.339830 1
2.999862 1
0.000021 1
0.000015 1
0.000014 1
0.000014 1
0.000014 1
0.000014 1
0.000015 1
0.000014 1
0.000015 1
0.000015 1
0.000014 1
0.000015 1
0.000015 1
0.000015 1
0.000016 1
0.000015 1
0.000016 1
0.000017 1
0.000016 1
0.839743 25
9.020335 1
0.199976 1
4.548686 72
0.891074 25
17.659937 1
0.180010 1
2.788618 1
0.000033 1
0.000026 1
0.000023 1
0.000023 1
0.000023 1
0.000023 1
0.000022 1
0.000034 1
0.000024 1
0.000024 1
0.000025 1
0.000024 1
0.000025 1
0.000025 1
0.000024 1
0.000061 1
0.000029 1
0.000029 1
0.000027 1
0.000026 1
0.000027 1
0.000027 1
0.000027 1
0.000029 1
0.000027 1
0.000029 1
0.000036 1
0.000031 1
0.000066 1
0.000031 1
0.000029 1
0.000031 1
0.000030 1
0.000031 1
0.000032 1
0.000033 1
0.000034 1
0.000032 1
0.000033 1
0.000032 1
0.000234 1
0.000034 1
0.000034 1
0.000033 1
0.000035 1
0.000033 1
0.000035 1
0.000034 1
0.000171 1
0.000144 1
0.000120 1
0.000098 1
0.000101 1
0.000100 1
0.000100 1
0.000098 1
0.000099 1
0.000096 1
0.000089 1
0.000094 1
0.000104 1
0.000083 1
0.000103 1
0.000083 1
0.000085 1
0.000095 1
0.000086 1
0.000087 1
0.000096 1
0.000089 1
0.000106 1
0.000096 1
0.000094 1
0.000098 1
0.000097 1
0.000098 1
0.000113 1
0.000126 1
0.000110 3
0.000080 1
0.000066 1
0.000102 1
0.000022 1
0.000071 1
0.000033 1
0.000079 1
0.000023 1
0.000023 1
0.000071 1
0.000024 1
0.000092 1
0.000035 1
0.000094 1
0.000083 1
0.000035 1
0.000085 1
0.000027 1
0.000081 1
0.000078 1
0.000028 1
0.000075 1
0.000028 1
0.000076 1
0.000075 1
0.000028 1
0.000077 1
0.000076 1
0.000030 1
0.000086 1
0.000085 1
0.000088 1
0.000033 1
0.000080 1
0.000078 1
0.000077 1
0.000033 1
0.000079 1
0.000079 1
0.000078 1
0.000080 1
0.000080 1
0.000033 1
0.000090 1
0.000078 1
0.000086 1
0.000091 1
0.000081 1
0.000082 1
0.000081 1
0.000083 1
0.000081 1
0.000082 1
0.000083 1
0.000082 1
0.000084 1
0.000083 1
0.000090 1
0.000087 1
0.000084 1
0.000094 1
0.000108 1
0.000093 1
0.000089 1
0.000102 1
0.000087 1
0.000151 1
0.000108 1
0.000096 1
0.000096 1
0.000093 1
0.000083 1
0.000098 1
0.000094 1
0.000097 1
0.000104 1
0.000102 1
0.000108 1
0.000109 1
0.000096 1
0.000104 1
0.000093 1
0.000105 1
0.000101 1
0.000090 1
0.000101 1
0.000093 1
0.000093 1
0.000103 1
0.000094 1
0.000094 1
0.000095 1
0.000095 1
0.000095 1
0.000095 1
0.000097 1
0.000103 1
0.000104 1
1.859165 25
13.499963 1
0.259527 1
2.608512 1
0.000027 1
0.000023 1
0.000022 1
0.000022 1
0.000029 1
0.000023 1
0.000022 1
0.000023 1
0.000023 1
0.000024 1
0.000023 1
0.000024 1
0.000024 1
0.000025 1
0.000024 1
0.000025 1
0.000025 1
0.000028 1
0.000038 1
0.000026 1
0.000034 1
0.000026 1
0.000026 1
0.000026 1
0.000026 1
0.000026 1
0.000027 1
0.000027 1
0.000027 1
0.000028 1
0.000027 1
0.000028 1
0.000028 1
0.000059 1
0.000031 1
0.000029 1
0.000292 1
0.000033 1
0.000031 1
0.000031 1
0.000032 1
0.000031 1
0.000033 1
0.000033 1
0.000139 1
0.000044 1
0.000095 1
0.000096 1
0.000105 1
0.000035 1
0.000095 1
0.000094 1
0.000098 1
0.000096 1
0.000086 1
0.000083 1
0.000081 1
0.000082 1
0.000081 1
0.000088 1
0.000086 1
0.000095 1
0.000091 1
0.000084 1
0.000105 1
0.000086 1
0.000087 1
0.000085 1
0.000085 1
0.000097 1
0.000088 1
0.000089 1
0.000097 1
0.000083 1
0.000097 1
0.000091 1
0.000100 1
0.000091 1
1.187444 25
8.319435 1
0.180043 1
2.848321 1
0.000027 1
0.000031 1
0.000038 1
0.000239 1
0.000023 1
0.000035 1
0.000024 1
0.000024 1
0.000015 1
0.000015 1
0.000051 1
0.000020 1
0.000097 1
0.000017 1
0.000020 1
1.211614 25
9.699329 1
0.740082 1
1.748107 1
0.000031 1
0.000031 1
0.000031 1
0.000023 1
0.000016 1
0.000024 1
0.000024 1
0.000019 1
0.000014 1
0.000015 1
0.000014 1
0.000014 1
0.000015 1
0.000015 1
0.000021 1
0.000015 1
0.000015 1
0.000035 1
0.000017 1
0.000016 1
0.000016 1
0.000020 1
0.000017 1
0.000029 1
0.000028 1
0.000026 1
0.000028 1
0.000017 1
0.000017 1
0.000026 1
0.000017 1
0.000018 1
0.000029 1
0.000018 1
0.000018 1
0.000017 1
0.000018 1
0.000018 1
0.000027 1
0.000018 1
0.000029 1
0.000189 1
0.000031 1
0.000019 1
0.000031 1
0.000021 1
0.000087 1
0.000021 1
0.000103 1
0.000078 1
0.000075 1
0.000074 1
0.000074 1
0.000088 1
0.000075 1
0.000058 1
0.000079 1
0.000053 1
0.000054 1
0.000060 1
0.000062 1
0.000022 1
0.000054 1
0.000061 1
0.000056 1
0.000053 1
0.000086 1
0.000087 1
0.000087 1
0.000090 1
0.000084 1
0.000060 1
0.000055 1
0.000055 1
0.000056 1
0.000068 1
2.168563 2
0.000153 23
9.700354 1
0.319551 1
2.668348 1
0.000041 1
0.000016 1
0.000019 1
0.000022 1
0.000021 1
0.000014 1
0.000019 1
0.000040 1
0.000020 1
0.000026 1
0.000016 1
0.000015 1
0.000015 1
0.000015 1
0.000015 1
0.000031 1
0.000017 1
0.000017 1
0.000016 1
0.000022 1
0.000016 1
0.000016 1
0.000017 1
0.000016 1
0.000016 1
0.000017 1
0.000017 1
0.000016 1
0.000017 1
0.000018 1
0.000017 1
0.000017 1
0.000018 1
0.000186 1
0.000019 1
0.000026 1
0.000024 1
0.000019 1
0.000018 1
0.000019 1
0.000018 1
0.000019 1
0.000019 1
0.000102 1
0.000087 1
0.000093 1
0.000083 1
0.000080 1
0.000074 1
0.000072 1
0.000073 1
0.000057 1
0.000053 1
0.000069 1
0.000023 1
0.000065 1
0.000022 1
0.000054 1
0.000053 1
0.000062 1
0.000075 1
0.000068 1
0.000057 1
0.000066 1
0.000059 1
0.000054 1
0.000054 1
0.000054 1
0.000054 1
0.000054 1
0.000054 1
0.000055 1
0.000057 1
0.000066 1
0.000056 1
0.000055 1
0.000071 1
0.000054 1
0.000082 3
0.000058 1
0.000046 1
0.708413 25
10.780330 1
0.379995 1
1.928160 1
0.000025 1
0.000026 1
0.000028 1
0.000020 1
0.000026 1
0.000014 1
0.000015 1
0.000015 1
0.000015 1
0.000015 1
0.000016 1
0.000026 1
0.000017 1
0.000022 1
0.000016 1
0.000016 1
0.000210 1
0.000022 1
0.000028 1
0.000017 1
0.000017 1
0.000027 1
0.000017 1
0.000017 1
0.000027 1
0.000017 1
0.000107 1
0.000029 1
0.000029 1
0.000094 1
0.000078 1
0.000019 1
0.000073 1
0.000074 1
0.000087 1
0.000020 1
0.000072 1
0.000086 1
0.000020 1
0.000097 1
0.000070 1
0.000026 1
0.000065 1
0.000065 1
0.000036 1
0.000095 1
0.000057 1
0.000054 1
0.000020 1
0.000053 1
0.000052 1
0.000064 1
0.000056 1
0.000053 1
0.000064 1
0.000057 1
0.000053 1
0.000055 1
0.000076 1
0.000067 1
0.000067 1
0.000066 1
0.000071 1
0.000023 1
0.000055 1
0.000054 1
0.000053 1
0.000054 1
0.000067 1
0.000088 1
0.000055 1
0.000067 1
0.000058 1
0.000054 1
0.000068 1
0.000072 1
0.000068 1
0.000069 1
0.000037 3
0.000063 1
0.000047 1
0.000015 1
0.000015 1
0.000056 1
0.000015 1
0.000014 1
0.000067 1
0.000015 1
0.000014 1
0.000016 1
0.000061 1
0.000016 1
0.000015 1
0.000047 1
0.000016 1
0.000068 1
0.000053 1
0.000049 1
0.000016 1
0.000049 1
0.000024 1
0.000065 1
0.000063 1
0.000017 1
0.000061 1
0.000020 1
0.000070 1
0.000018 1
0.000017 1
0.000052 1
0.000018 1
0.000059 1
0.000018 1
0.000069 1
0.000018 1
0.000061 1
0.000052 1
1.926304 25
10.159760 1
0.300128 1
2.968225 1
0.000024 1
0.000026 1
0.000016 1
0.000014 1
0.000015 1
0.000015 1
0.000015 1
0.000024 1
0.000022 1
0.000017 1
0.000015 1
0.000016 1
0.000015 1
0.000034 1
0.000036 1
0.000036 1
0.000027 1
0.000024 1
0.000020 1
0.000034 1
0.000016 1
0.000025 1
0.000019 1
0.000016 1
0.000017 1
0.000016 1
0.000016 1
0.000016 1
0.000017 1
0.000016 1
0.000017 1
0.000017 1
0.000017 1
0.000027 1
0.000020 1
0.000017 1
0.000018 1
0.000018 1
0.000018 1
0.000018 1
0.000018 1
0.000220 1
0.000021 1
0.000019 1
0.000019 1
0.000019 1
0.000020 1
0.000019 1
0.000027 1
0.000020 1
0.000110 1
0.000038 1
0.000098 1
0.000089 1
0.000071 1
0.000068 1
0.000078 1
0.000023 1
0.000051 1
0.000062 1
0.000062 1
0.000057 1
0.000054 1
0.000053 1
0.000022 1
0.000080 1
0.000023 1
0.000077 1
0.000090 1
0.000091 1
0.000066 1
0.000060 1
0.000070 1
0.000066 1
0.000060 1
0.000053 1
0.000080 1
0.000060 1
0.000064 3
0.000047 1
0.000054 1
0.000015 1
0.000050 1
0.000014 1
0.000061 1
0.000024 1
0.000070 1
0.000016 1
0.000081 1
0.000016 1
0.000015 1
0.000015 1
0.000015 1
0.000015 1
0.000052 1
0.000017 1
0.000061 1
0.000018 1
0.000051 1
0.000017 1
0.000048 1
0.000017 1
0.000048 1
0.000049 1
0.000017 1
0.000049 1
0.000017 1
0.000049 1
0.000049 1
0.000025 1
0.000052 1
0.000051 1
0.000083 1
0.000031 1
0.000064 1
0.000063 1
0.000019 1
0.000057 1
0.000019 1
0.000051 1
0.000063 1
0.000020 1
0.000053 1
0.000052 1
0.000020 1
0.000051 1
0.000051 1
0.000052 1
0.000020 1
0.000051 1
0.000052 1
0.000062 1
0.000021 1
0.000053 1
0.000068 1
0.000077 1
0.000064 1
0.000061 1
0.000054 1
0.000053 1
0.000031 1
0.000061 1
0.000081 1
0.000060 1
0.000073 1
0.000057 1
0.000055 1
0.000053 1
0.000062 1
0.000056 1
0.000055 1
0.000076 1
0.000093 1
0.000074 1
0.000058 1
0.000055 1
1.345452 25
16.940002 1
0.459926 1
1.688034 1
0.000022 1
0.000014 1
0.000014 1
0.000032 1
0.000048 1
0.000026 1
0.000270 1
0.000051 1
0.000035 1
0.000024 1
0.000025 1
1.131550 25
8.239945 1
0.639931 1
1.768142 1
0.000019 1
0.000014 1
0.000025 1
0.000019 1
0.000021 1
0.000019 1
0.000014 1
0.000015 1
0.000014 1
0.000015 1
0.000020 1
0.000035 1
0.000029 1
0.000017 1
0.000015 1
0.000016 1
0.000015 1
0.000017 1
0.000023 1
0.000018 1
0.000016 1
0.000016 1
0.000016 1
0.000016 1
0.000017 1
0.000017 1
0.000016 1
0.000017 1
0.000017 1
0.000017 1
0.000017 1
0.000018 1
0.000017 1
0.000018 1
0.000030 1
0.000023 1
0.000022 1
0.000033 1
0.000035 1
0.000026 1
0.000019 1
0.000018 1
0.000202 1
0.000031 1
0.000026 1
0.000031 1
0.000021 1
0.000020 1
0.000019 1
0.000020 1
0.000036 1
0.000088 1
0.000022 1
0.000068 1
0.000066 1
0.000065 1
0.000127 1
0.000081 1
0.000070 1
0.000057 1
0.000022 1
0.000053 1
0.000062 1
0.000067 1
0.000068 1
0.000059 1
0.000040 1
0.000069 1
0.000060 1
0.000052 1
0.000055 1
0.000054 1
0.000054 1
0.000054 1
0.000066 1
0.000069 1
0.000068 1
0.000026 1
0.000057 3
0.000073 1
0.000058 1
0.000018 1
0.000061 1
0.000015 1
0.000015 1
0.000058 1
0.000027 1
0.000054 1
0.000047 1
0.000016 1
0.000047 1
0.000015 1
0.000047 1
0.000016 1
0.000047 1
0.000016 1
0.000048 1
0.000016 1
0.000049 1
0.000027 1
0.000062 1
0.000063 1
0.000053 1
0.000051 1
0.000017 1
0.000058 1
0.000018 1
0.000062 1
0.000030 1
0.000055 1
0.000064 1
0.000062 1
0.000018 1
0.000051 1
0.000049 1
0.000019 1
0.000050 1
0.000050 1
0.000051 1
0.000019 1
0.000050 1
0.000061 1
0.000064 1
0.000066 1
0.000055 1
0.000052 1
1.086918 2
0.000192 23
14.899882 1
0.679597 1
1.560008 1
0.000020 1
0.000016 1
0.000024 1
0.000027 1
0.000015 1
0.000015 1
0.000014 1
0.000014 1
0.000015 1
0.000015 1
0.000207 1
0.000026 1
0.000051 1
0.000018 1
0.000052 1
0.000016 1
0.000015 1
0.000017 1
0.000016 1
0.000016 1
0.000016 1
0.000096 1
0.000019 1
0.000073 1
0.000027 1
0.000071 1
0.000074 1
0.000057 1
0.000018 1
0.000050 1
0.000050 1
0.000018 1
0.000050 1
0.000056 1
0.000028 1
0.000074 1
0.000073 1
0.000060 1
0.000105 1
0.000068 1
0.000052 1
0.000052 1
0.000050 1
0.000060 1
0.000020 1
0.000064 1
0.000100 1
0.000021 1
0.000056 1
0.000089 1
0.000107 1
0.000031 1
0.000065 1
0.000068 1
0.000105 1
0.000062 1
0.000054 1
0.000053 1
1.157138 25
6.820337 1
0.379668 1
1.720162 1
0.000021 1
0.000014 1
0.000013 1
0.000014 1
1.120255 25
7.279565 1
0.480047 1
2.099984 1
0.000028 1
0.000028 1
0.000024 1
0.000179 1
0.000017 1
0.000014 1
0.000015 1
0.000015 1
0.000027 1
1.099565 25
9.600424 1
0.379993 1
2.527580 1
0.000029 1
0.000034 1
0.000017 1
0.000163 1
0.000057 1
0.000016 1
0.000014 1
0.000015 1
0.000015 1
0.000014 1
0.000039 1
0.000016 1
0.000016 1
0.000015 1
0.000021 1
0.000022 1
0.000016 1
0.000081 1
0.000022 1
0.000064 1
1.051744 25
6.620045 1
0.619985 1
1.667604 1
0.000045 1
0.000035 1
0.000043 1
0.000024 1
0.000303 1
0.000036 1
0.000038 1
0.000024 1
0.000026 1
0.000030 1
0.000025 1
0.000025 1
0.000024 1
0.000025 1
0.000125 1
1.091135 2
0.000127 23
6.780297 1
0.480142 1
1.707588 1
0.000021 1
0.000014 1
0.000014 1
0.000013 1
0.000014 1
0.000039 1
0.000043 1
0.000019 1
0.000014 1
0.000024 1
0.000014 1
0.000197 1
0.000019 1
0.000032 1
0.000016 1
0.000016 1
0.000015 1
0.000028 1
0.000025 1
0.000016 1
0.000085 1
0.000018 1
0.000073 1
0.000077 1
0.000018 1
0.000083 1
0.000018 1
0.000053 1
0.000049 1
0.000018 1
0.000066 1
0.000069 1
0.000049 1
0.000077 1
0.000063 1
0.000048 1
0.000050 1
0.000069 1
0.000061 1
0.000086 1
0.000116 1
0.000092 1
0.000088 1
0.000054 1
0.000071 1
0.000071 1
0.000031 1
0.000089 1
0.000098 1
0.000087 1
0.000077 1
0.000053 1
0.000052 1
0.000052 1
0.000052 1
0.000052 1
0.000061 1
0.000022 1
0.000052 1
0.000051 1
0.000051 1
0.000052 1
0.000048 1
0.000073 1
0.000085 1
0.000063 1
0.000058 1
0.000058 1
0.000058 1
0.000067 1
0.000050 1
0.000053 1
0.000054 1
0.000063 1
0.000064 1
0.000053 1
0.000053 1
0.000065 1
0.000093 3
0.000068 1
0.000015 1
0.000065 1
0.000015 1
0.000013 1
0.000048 1
0.000014 1
0.000024 1
0.000056 1
0.000056 1
0.000015 1
0.000047 1
0.000025 1
0.000046 1
0.000046 1
0.000016 1
0.000046 1
0.000016 1
0.000056 1
0.000016 1
0.000057 1
2.047536 25
7.739433 1
0.599806 1
1.680550 2
0.000046 1
0.000053 1
0.000201 1
0.000016 1
0.000015 1
0.000014 1
0.000015 1
0.000024 1
1.139313 25
9.539969 1
0.500358 1
1.627987 1
0.000069 5
0.000014 1
0.000013 1
0.000020 1
0.000016 1
0.000015 1
0.000015 1
0.000015 1
0.000020 1
0.000015 1
0.000015 1
0.000016 1
0.000015 1
0.000018 1
0.000016 1
0.000016 1
0.000016 1
0.000016 1
0.000017 1
0.000016 1
0.000017 1
0.000016 1
0.000017 1
0.000017 1
0.000017 1
0.000017 1
0.000017 1
0.000017 1
0.000027 1
0.000037 1
0.000031 1
0.000208 1
0.000021 1
0.000019 1
0.000027 1
0.000019 1
0.000018 1
0.000019 1
0.000019 1
0.000018 1
0.000019 1
0.000086 1
0.000020 1
1.010882 25
6.327992 1
0.331502 1
1.600382 1
0.000021 1
0.000017 1
0.000015 1
0.000015 1
0.000026 1
0.000197 1
0.000020 1
0.000015 1
0.000014 1
1.019514 25
8.100259 1
0.699602 1
2.508048 1
0.000020 1
0.000015 1
0.000014 1
0.000015 1
0.000022 1
0.000015 1
0.000014 1
0.000014 1
0.000015 1
0.000014 1
0.000015 1
0.000015 1
0.000176 1
0.000053 1
0.000018 1
0.000033 1
0.000042 1
0.000021 1
0.000086 1
0.000020 1
0.000034 1
0.000078 1
0.000070 1
0.000021 1
0.000018 1
0.000063 1
0.000079 1
0.000019 1
0.000063 1
0.000021 1
0.000069 1
0.000065 1
0.000056 1
0.000021 1
0.000051 1
0.000033 1
0.000071 1
0.000068 1
0.000072 1
0.000074 1
0.000020 1
0.000051 1
0.000019 1
0.000050 1
0.000051 1
0.000057 1
0.000060 1
0.000020 1
0.000232 1
0.000060 1
0.000062 1
0.000089 1
0.000032 1
0.000075 1
0.000075 1
0.000058 1
0.000053 1
0.000054 1
0.000052 1
0.000052 1
0.000064 1
0.000055 1
0.000053 1
0.000053 1
0.000022 1
0.000053 1
0.000053 1
0.000053 1
0.000063 1
2.728972 25
11.299628 1
0.439919 1
2.048398 1
0.000021 1
0.000015 1
0.000014 1
0.000014 1
0.000023 1
0.000022 1
0.000015 1
0.000015 1
0.000015 1
0.000208 1
0.000017 1
0.000015 1
0.000025 1
0.000015 1
0.000015 1
0.000015 1
0.000015 1
0.000043 1
0.000081 1
0.000064 1
0.000106 1
0.000025 1
0.000028 1
0.000073 1
0.000017 1
0.000083 1
0.000018 1
0.000061 1
0.000103 1
0.000019 1
0.000018 1
0.000017 1
0.000018 1
0.000064 1
0.000019 1
0.000056 1
0.000051 1
0.000051 1
0.000019 1
0.000050 1
0.000050 1
0.000050 1
0.000020 1
0.000085 1
0.000073 1
0.000054 1
0.000052 1
0.000051 1
0.000051 1
0.000057 1
0.000066 1
0.000068 1
0.000031 1
0.000053 1
0.000062 1
0.000021 1
0.000052 1
0.000052 1
0.000053 1
0.000052 1
0.000052 1
0.000052 1
2.249402 25
7.399544 1
0.580530 1
2.147841 1
0.000021 1
0.000015 1
0.000014 1
0.000032 1
0.000015 1
0.000064 1
0.000148 1
0.000028 1
0.000078 1
0.000030 1
0.000020 1
0.000029 1
0.000033 1
0.000091 1
0.000099 1
0.000102 1
0.000094 1
0.000031 1
0.000094 1
0.000017 1
0.000136 1
0.000018 1
0.000073 1
0.000087 1
0.000018 1
0.000065 1
1.250711 25
7.299389 1
0.540107 1
1.568472 1
0.000022 1
0.000015 1
0.000028 1
0.000023 1
0.000030 1
0.000027 1
0.000033 1
0.000033 1
0.000171 1
0.000016 1
0.000023 1
0.000016 1
0.000015 1
0.000020 1
0.000027 1
0.000017 1
0.000015 1
0.000029 1
0.000076 1
0.000020 1
0.000064 1
0.000020 1
0.000063 1
0.000018 1
0.000063 1
0.000020 1
0.000069 1
0.000076 1
0.000021 1
0.000089 1
0.000034 1
0.000083 1
0.000059 1
0.000021 1
0.000050 1
0.000050 1
0.000019 1
0.000063 1
0.000084 1
0.000050 1
0.000051 1
0.000019 1
0.000050 1
0.000051 1
0.000050 1
0.000057 1
0.000064 1
0.000055 1
0.000065 1
0.000037 1
0.000080 1
0.000057 1
0.000051 1
0.000052 1
0.000052 1
0.000063 1
0.000069 1
0.000066 1
0.000058 1
0.000049 1
1.209116 25
7.720057 1
0.379982 1
2.567545 1
0.000030 1
0.000018 1
0.000015 1
0.000027 1
0.000014 1
0.000015 1
0.000015 1
0.000014 1
0.000015 1
0.000015 1
0.000210 1
0.000022 1
0.000025 1
0.000031 1
0.000029 1
0.000026 1
0.000019 1
0.000018 1
0.000016 1
0.000016 1
0.000107 1
0.000029 1
0.000030 1
0.000072 1
0.000065 1
0.000018 1
0.000091 1
0.000101 1
0.000019 1
0.000017 1
0.000063 1
0.000018 1
0.000061 1
0.000062 1
0.000020 1
0.000090 1
0.000080 1
0.000023 1
0.000055 1
0.000024 1
0.000071 1
0.000071 1
0.000020 1
0.000054 1
0.000050 1
0.000061 1
0.000067 1
0.000055 1
0.000071 1
0.000021 1
0.000051 1
0.000051 1
0.000051 1
0.000051 1
0.000072 1
0.000050 1
0.000067 1
0.000058 1
0.000068 1
0.000062 1
0.000082 1
0.000077 1
0.000052 1
0.000070 1
0.000066 1
0.000051 1
0.000054 1
0.000053 1
0.000053 1
0.000054 1
0.000064 1
0.000085 1
0.000077 1
0.000055 1
0.000077 1
0.000059 1
0.000055 1
0.000055 1
0.000063 3
1.168354 318
0.000014 2
0.000089 23
41.199652 1
0.348282 1
0.771568 1
0.520169 1
0.020198 1
0.059594 1
0.039991 1
0.060077 1
0.040490 1
0.059676 1
0.080332 1
0.007500 1
0.052528 1
0.059482 1
0.040356 1
0.059706 1
0.047954 1
0.052015 1
0.047891 1
0.060462 1
0.052285 1
0.039527 1
0.060280 1
0.047568 1
0.032131 1
0.640034 25
1.659803 1
0.320063 1
7.768553 1
0.000022 1
0.000022 1
0.000017 1
0.000024 1
0.000014 1
0.000014 1
0.000015 1
0.000014 1
0.000015 1
0.000014 1
0.000178 1
0.000017 1
0.000015 1
0.000030 1
0.000033 1
0.000036 1
0.000035 1
0.000031 1
0.000077 1
0.000017 1
0.000064 1
1.491224 25
12.879408 1
0.620131 1
1.948595 1
0.000023 1
0.000017 1
0.000015 1
0.000015 1
0.000015 1
0.000028 1
0.000015 1
0.000015 1
0.000015 1
0.000015 1
0.000015 1
0.000015 1
0.000015 1
0.000016 1
0.000015 1
0.000016 1
0.000015 1
0.000018 1
0.000025 1
0.000237 1
0.000021 1
0.000017 1
0.000016 1
0.000023 1
0.000017 1
0.000017 1
0.000017 1
0.000017 1
0.000016 1
0.000018 1
0.000017 1
0.000108 1
0.000020 1
0.000082 1
0.000033 1
0.000071 1
0.000064 1
0.000064 1
0.000019 1
0.000054 1
0.000050 1
0.000051 1
0.000033 1
0.000088 1
0.000052 1
0.000051 1
0.000050 1
0.000051 1
0.000020 1
0.000051 1
0.000063 1
0.000062 1
0.000065 1
0.000067 1
0.000056 1
0.000053 1
0.000051 1
0.000053 1
0.000052 1
0.000053 1
0.000067 1
0.000064 1
0.000051 1
0.000053 1
0.000052 1
0.000053 1
0.000053 1
0.000060 1
0.000081 1
0.000070 1
0.000074 1
0.000065 1
0.000059 1
0.000059 1
0.000052 1
0.000054 1
0.000061 1
0.000063 1
0.000089 3
0.000052 1
0.000014 1
0.000046 1
0.000015 1
0.000046 1
0.000041 1
0.000048 1
0.000016 1
0.000069 1
0.000016 1
0.000015 1
0.000060 1
0.000016 1
0.000016 1
0.000059 1
0.000017 1
0.000050 1
0.000017 1
1.847359 25
12.359906 1
0.400000 1
2.029147 54
1.351363 25
7.879407 1
0.180062 1
0.500302 1
0.139992 1
0.180213 1
0.168071 1
0.071435 1
0.160709 1
0.719503 25
0.939836 1
0.300276 1
0.139685 1
0.100626 1
0.348334 4
1.911506 1
0.159896 1
0.139561 1
0.320043 1
0.140014 1
0.482121 1
1.945851 1
0.111996 1
0.180009 1
0.260262 1
0.780071 2
0.001145 67
0.000110 2
0.000307 23
3.538033 1
0.180451 1
0.167615 1
0.252457 1
0.379590 25
15.939987 1
0.180541 1
0.659402 1
0.499986 1
0.060492 1
0.039450 1
0.060544 1
0.039612 1
0.060356 1
0.040062 1
0.059707 1
0.047792 1
0.052070 1
0.040282 1
0.067656 1
0.032400 1
0.060064 1
0.060089 1
0.039427 1
0.048468 1
0.051642 1
0.048586 1
0.059486 1
0.051930 1
0.040030 1
0.059953 1
0.047846 1
0.052917 1
0.039166 1
0.068166 1
0.031800 1
0.060532 1
0.039709 1
0.059966 1
0.039841 1
0.060018 1
0.420546 25
1.419515 1
0.140006 1
8.628506 1
0.000026 1
0.000025 1
0.000026 1
0.000016 1
0.000029 1
0.000015 1
0.000015 1
0.000015 1
0.000192 1
0.000016 1
0.000015 1
0.000016 1
0.000015 1
0.000015 1
0.000016 1
0.000015 1
0.000016 1
0.000017 1
0.000016 1
0.000016 1
1.171100 25
7.879709 1
0.700293 1
1.748328 1
0.000024 1
0.000019 1
0.000023 1
0.000017 1
0.000024 1
0.000014 1
0.000015 1
0.000019 1
0.000029 1
0.000024 1
0.000015 1
0.000015 1
0.000015 1
0.000015 1
0.000015 1
0.000015 1
0.000210 1
0.000022 1
0.000016 1
0.000016 1
0.000019 1
0.000016 1
0.000016 1
0.000022 1
0.000026 1
0.000018 1
0.000017 1
0.000090 1
0.000021 1
0.000082 1
0.000099 1
0.000073 1
0.000021 1
0.000066 1
0.000090 1
0.000022 1
0.000019 1
0.000065 1
0.000057 1
0.000019 1
0.000062 1
0.000082 1
0.000056 1
0.000064 1
0.000020 1
0.000051 1
0.000062 1
0.000066 1
0.000074 1
0.000021 1
0.000052 1
0.000051 1
0.000021 1
0.000079 1
0.000063 1
0.000052 1
0.000051 1
0.000052 1
0.000052 1
0.000064 1
0.000055 1
0.000052 1
0.000088 1
0.000023 1
0.000022 1
0.000068 1
0.000068 1
0.000093 1
0.000070 1
0.000056 1
0.000066 1
0.000063 1
0.000053 1
0.000053 1
0.000053 1
0.000061 1
0.000064 1
0.000056 1
0.000068 3
0.000061 1
0.000043 1
0.000046 1
0.000023 1
0.000051 1
0.000021 1
0.000093 1
0.000016 1
0.000015 1
0.000015 1
0.000015 1
0.000015 1
0.587951 25
29.799603 1
0.179864 1
0.260023 1
0.240362 1
0.148148 1
0.232003 1
0.199798 1
0.147591 1
0.112575 1
0.100108 1
0.619482 1
0.140369 1
0.099633 1
0.139932 1
0.116383 1
0.064026 1
0.179947 1
0.119977 1
0.299552 1
0.140556 1
0.259977 1
0.260026 1
0.139881 1
0.179934 1
0.028095 1
1.091985 1
0.099755 1
0.180435 1
0.100001 1
0.079948 1
0.159607 1
0.108273 1
0.212387 1
0.119349 1
0.119848 1
1.140496 1
0.460025 1
0.199655 1
0.148298 1
0.291715 1
0.139972 1
0.560338 1
0.279506 1
1.280441 4
1.120034 4
0.279635 1
0.199935 1
0.180388 1
0.139524 1
0.120158 1
0.100045 1
0.168456 1
0.131459 1
0.115936 1
0.112520 1
0.871715 1
0.259747 1
0.148005 1
0.112538 1
0.099843 1
0.119750 1
0.100266 1
0.247567 1
0.172086 1
0.140449 1
0.059902 1
0.259505 1
0.160558 1
0.100085 1
0.247898 1
0.211906 1
0.300027 1
0.179675 1
0.140487 1
0.159601 1
0.208482 1
0.071479 1
0.140440 1
0.159867 1
0.107816 1
0.111894 1
0.120408 1
0.180120 1
0.239589 1
0.080167 1
0.200079 3
0.039644 1
0.119936 1
0.380667 1
0.059940 1
0.099820 1
0.160038 1
0.059684 1
0.179785 1
0.060400 1
0.308140 1
0.200165 1
0.071368 1
0.140499 1
0.059963 1
0.240073 1
0.219715 1
0.120088 1
0.099586 1
0.600218 25
1.347780 1
0.392044 1
0.360017 1
0.220716 1
0.127583 1
0.152045 1
0.067645 1
0.212385 1
0.119703 1
0.099847 1
0.080458 1
0.119927 1
0.220049 1
0.299698 1
0.259888 1
0.140005 1
0.148375 1
0.151826 1
0.168361 1
0.039571 1
0.052347 1
0.147483 1
0.152228 1
0.100136 1
0.579732 4
0.208370 4
0.191582 4
0.180007 4
0.180061 4
0.160468 4
0.739809 1
0.180202 1
0.139431 1
0.128039 1
0.112505 1
0.107459 1
0.112029 1
0.140529 1
0.227482 1
0.112622 1
0.179434 1
0.040216 1
0.119858 1
0.147804 1
0.131987 1
0.140222 1
0.179832 1
0.728459 25
0.911548 1
0.139971 1
0.180035 1
0.396054 4
0.184419 4
0.199989 4
0.159696 1
0.559838 1
0.160280 1
0.279915 1
0.199754 2
0.000108 13
0.000010 2
0.000068 23
0.839862 1
0.060346 1
0.199619 1
0.740007 1
0.060023 1
0.219992 1
0.108346 1
0.282074 13
0.989739 41
1.020457 1
0.079939 1
0.319355 2
0.001553 112
0.000198 2
0.000105 76
0.000092 2
0.000285 39
2.637844 1
0.179961 1
0.240071 1
0.279999 1
0.160030 1
0.140259 1
0.160102 1
0.680186 1
0.199558 1
0.259805 1
0.128149 1
0.131945 1
0.408135 1
0.159847 1
0.132564 1
0.159365 1
0.068302 1
0.111832 1
1.139862 1
0.100233 1
0.216270 1
1.463896 1
0.260241 1
0.319830 1
0.140080 1
0.227591 1
0.176397 1
0.000427 1
1.195081 1
0.303797 1
0.000379 3
1.215910 41
2.679991 1
0.260487 1
0.179526 1
0.120314 1
0.100128 1
0.140035 1
0.179503 1
0.780003 1
0.259942 1
0.708389 1
0.091614 1
0.240523 1
0.119768 1
0.291928 1
1.228092 1
0.483224 1
0.000380 3
0.996526 1
0.139948 1
0.179710 1
0.400585 2
0.208560 78
0.000221 2
0.000130 23
0.000096 2
0.012149 39
5.558550 20
0.799702 1
0.499837 1
0.040427 1
0.047705 1
0.052535 1
0.059725 1
0.040086 1
0.039908 1
0.067652 1
0.032041 1
0.060022 1
0.060471 1
0.040004 1
0.039890 1
0.067642 1
0.052373 1
0.039679 1
0.060098 1
0.039978 1
0.048647 1
0.591741 3
0.279442 3
0.180058 3
0.220381 3
0.207490 3
0.232496 3
1.260238 29
0.679617 2
0.002669 41
0.000157 2
0.000065 30
0.000082 2
0.001600 8
4.175613 1
0.260160 1
0.159967 1
0.079864 1
0.140116 1
0.779822 4
0.220141 4
0.159996 4
0.179887 4
1.080082 1
0.088119 1
0.131464 1
0.261237 1
0.739136 2
0.000050 57
0.000013 2
0.000011 64
0.000011 2
0.000011 65
0.000011 2
0.000017 57
0.000018 73
0.000036 439
0.000033 291
0.000018 109
0.000020 251
0.000018 268
0.000019 245
0.000018 185
0.000017 256
0.000018 142
0.000018 251
0.000019 244
0.000133 939
1.599063 1
0.160045 1
0.219906 1
0.840421 1
0.160139 1
0.107530 1
0.151994 1
0.160002 1
0.099931 1
1.160283 2
0.002720 80
0.000201 2
0.000084 80
0.000122 2
0.000118 80
0.000132 2
0.000106 8
2.836551 1
0.179793 1
0.167932 1
0.272037 1
0.208431 1
0.151631 1
0.108213 1
0.052122 1
0.219858 1
0.147703 1
0.092119 1
0.159896 1
0.139948 1
0.140124 1
0.759881 1
0.100041 1
1.500325 1
0.120164 1
0.059352 1
0.148571 1
0.072086 1
0.147937 1
0.111523 1
0.168379 1
0.412051 1
0.219749 1
0.499921 1
0.300356 1
0.639553 1
0.260539 1
0.107439 1
0.156473 1
0.035993 1
0.139945 1
0.680080 10
1.239984 1
0.179621 1
0.228206 1
6.732175 1
0.139945 1
0.120019 1
0.059671 1
0.199882 1
0.100581 1
0.119913 1
0.099522 1
0.099989 1
0.248085 1
0.092321 1
0.120222 1
0.259791 1
0.900009 10
1.120080 1
0.299858 1
0.160104 1
0.119967 1
0.280074 1
2.100054 522
0.000505 492
0.000087 97
0.000029 251
0.000022 264
0.000021 249
0.000020 237
0.000019 258
0.000019 186
0.000020 256
0.000092 901
0.000021 165
0.000054 66
1.499151 1
0.199886 1
1.247515 1
0.212473 1
0.100059 1
0.100035 1
0.039821 1
0.208084 1
0.112014 1
0.099857 1
0.116148 1
0.143587 1
0.320309 1
0.060079 1
0.179632 1
0.200381 1
0.859734 4
0.200154 4
0.480224 1
0.160005 1
0.207901 1
0.111606 1
0.100380 1
0.119981 1
0.179982 1
0.219959 1
0.160139 1
0.179817 1
0.139960 1
0.540188 4
0.219805 4
0.208004 4
0.171740 4
0.160319 4
0.940034 1
0.139722 1
0.180318 1
0.119770 1
0.160031 1
0.127746 1
0.152468 1
0.087891 1
1.631600 10
0.880650 1
0.359523 1
0.140350 1
0.179606 1
0.120391 1
0.179983 1
0.959508 1
0.180726 1
0.099311 1
0.820250 82
0.000016 2
0.000015 80
0.000010 2
0.000014 80
0.000011 2
0.000043 8
8.600165 1
0.179419 1
0.200462 1
0.248165 1
0.131930 1
0.119463 1
0.100015 1
0.200009 1
0.080504 1
0.099749 1
0.139801 1
0.148337 1
0.211992 1
0.240003 1
0.220105 1
0.239897 1
0.127576 1
0.052547 1
0.159605 1
0.560002 10
1.300391 1
3.019573 1
0.368087 1
0.192095 1
0.120001 1
0.860777 41
65.659290 1
0.180038 1
1.040182 1
0.499540 1
0.039836 1
0.060456 1
0.040044 1
0.039580 1
0.060306 1
0.060056 1
0.040040 1
0.068043 1
0.032042 1
0.060023 1
0.047849 1
0.032108 1
0.069046 1
0.031280 1
0.059705 1
0.059866 1
0.048187 1
0.051853 1
0.048068 1
0.051917 1
0.048121 1
0.512043 41
1.579801 1
0.140016 1
1.339695 1
1.180395 1
0.160048 1
0.419666 1
0.220269 1
0.099515 1
0.248377 1
0.212014 1
0.119633 1
0.100589 1
0.127779 1
0.232173 1
0.219433 1
0.148406 1
0.171681 1
0.120071 1
0.160248 1
0.080113 1
0.199640 1
0.320289 4
0.220044 4
0.179490 4
0.188460 4
0.151954 4
0.180770 4
0.179310 4
0.919979 1
0.179994 1
0.140024 1
0.659922 4
0.240224 4
0.139342 1
0.180583 1
0.959906 1
0.039594 1
0.160059 1
0.039940 1
0.080547 1
0.139967 1
0.199453 1
0.060550 1
0.099956 1
0.179615 1
1.199940 41
1.019981 1
0.180029 1
0.320013 1
0.240473 1
0.107561 1
0.172388 1
0.159656 1
0.219975 1
0.079934 1
0.140435 1
0.179883 1
0.168088 1
0.231650 1
0.240404 1
0.107972 1
0.131609 1
0.108411 1
0.112007 1
1.659865 1
0.099977 1
0.940177 1
0.100055 1
0.079752 1
0.239832 1
0.077509 1
0.962383 1
0.159927 1
0.120368 1
0.100188 1
3.299850 4
0.219758 4
0.160365 4
0.219489 4
0.739953 1
0.160220 1
0.208498 1
0.111680 1
0.099654 1
1.539965 1
0.680497 4
0.779909 1
0.240015 1
1.879953 1
0.300181 1
0.159964 1
0.080079 1
0.099942 1
0.119444 1
1.040517 1
0.139887 1
0.379561 1
0.140412 1
0.739629 1
0.100670 1
0.179416 1
0.168318 1
0.131682 1
0.100010 1
0.159962 1
0.100000 1
0.180020 1
0.120029 1
0.600034 1
0.080299 1
0.099682 1
0.180360 1
0.387602 1
0.131977 1
0.200043 1
1.900046 41
4.320228 1
0.319863 41
0.999950 41
1.260222 1
0.279715 41
4.080397 1
0.239565 58
0.200026 154
0.841315 52
1.179073 2
0.000136 39
1.739325 1
0.240269 1
1.359962 1
0.199961 1
2.640072 1
0.268167 1
0.172144 1
0.099807 1
0.540179 4
0.201081 4
0.198843 4
0.179979 4
0.160096 4
0.199656 4
1.599895 1
0.240478 1
0.639520 4
1.719926 1
0.267975 1
0.772430 1
0.680112 4
0.899898 1
0.675985 4
0.304100 1
0.347869 1
0.171625 1
0.100691 1
0.099838 1
0.119459 1
0.140104 1
0.100474 1
0.159597 1
0.148237 1
0.092140 1
1.247566 4
0.152478 4
0.179882 4
0.180042 4
0.159616 4
0.180427 4
0.187918 4
1.052000 1
0.120039 1
0.119572 1
0.120054 1
0.120237 1
0.140201 1
0.759947 1
0.300334 1
0.195202 1
0.123912 1
0.140154 1
0.088016 1
0.172407 1
0.187421 1
0.712575 41
9.179782 1
0.368248 1
1.792272 1
0.000035 1
0.000023 1
0.000024 1
0.000020 1
0.000016 1
0.000028 1
0.000033 1
0.000054 1
0.000031 1
0.000018 1
0.000016 1
0.000244 1
0.000029 1
0.000018 1
0.000017 1
0.000016 1
0.000028 1
0.000032 1
0.000029 1
0.000019 1
0.000021 1
0.000026 1
0.000129 1
0.000020 1
0.000028 1
0.000026 1
0.000110 1
0.000025 1
0.000019 1
0.000117 1
0.000029 1
0.000019 1
0.000079 1
0.000023 1
0.000113 1
0.000031 1
0.000101 1
0.000035 1
0.000072 1
0.000080 1
0.000073 1
0.000021 1
0.000070 1
0.000073 1
0.000073 1
0.000032 1
0.000091 1
0.000024 1
0.000064 1
0.000065 1
0.000028 1
0.000089 1
0.000022 1
0.000073 1
0.000035 1
0.000091 1
0.000117 1
0.000041 1
0.000067 1
0.000028 1
0.000076 1
0.000074 1
0.000096 3
0.000074 1
0.000015 1
0.000013 1
0.000014 1
0.000013 1
0.000014 1
0.000066 1
0.000033 1
0.000021 1
0.000062 1
0.000025 1
0.000016 1
0.000074 1
0.000015 1
0.000016 1
0.815558 41
2.119923 1
0.179914 1
10.168646 1
0.000024 1
0.000016 1
0.000016 1
0.000023 1
0.000016 1
0.000018 1
0.000029 1
0.000024 1
0.000017 1
0.000016 1
0.000016 1
0.000017 1
0.000016 1
0.000017 1
0.000016 1
0.000017 1
0.000017 1
0.000019 1
0.000017 1
0.000018 1
0.000212 1
0.000026 1
0.000019 1
0.000018 1
0.000019 1
0.000019 1
0.000018 1
0.000018 1
0.000019 1
0.000018 1
0.000108 1
0.000049 1
0.000077 1
0.000023 1
0.000075 1
0.000020 1
0.000102 1
0.000025 1
0.000020 1
0.000083 1
0.000023 1
0.000080 1
0.000065 1
0.000023 1
0.000050 1
0.000064 1
0.000058 1
0.000057 1
0.000021 1
0.000084 1
0.000081 1
0.000023 1
0.000060 1
0.000059 1
0.000023 1
0.000092 1
0.000022 1
0.000023 1
0.000062 1
0.000070 1
0.000024 1
0.000082 1
0.000024 3
0.000055 1
0.000014 1
0.000071 1
0.000013 1
0.000014 1
0.000013 1
0.000013 1
0.000053 1
0.000014 1
0.000014 1
0.000062 1
0.000032 1
0.000029 1
0.000063 1
0.000024 1
0.000062 1
0.000016 1
0.000015 1
0.000084 1
0.000017 1
0.000057 1
0.000016 1
0.000015 1
0.000054 1
0.000016 1
0.000064 1
0.000018 1
0.000028 1
0.000069 1
0.000017 1
0.000017 1
0.000054 1
0.000027 1
0.000065 1
0.000018 1
0.000017 1
0.000017 1
0.000056 1
0.000018 1
0.000090 1
0.000069 1
0.000024 1
0.000061 1
0.000019 1
0.000086 1
0.000019 1
0.000019 1
0.000060 1
0.000019 1
0.000056 1
0.000020 1
0.000078 1
0.000072 1
0.000020 1
0.000057 1
0.000020 1
0.000077 1
0.000021 1
3.786776 2
0.000186 39
1.780176 1
0.259901 1
10.020231 2
0.000036 1
0.000028 1
0.000049 1
0.000026 1
0.000034 1
0.000027 1
0.000027 1
0.000025 1
0.000034 1
0.000295 1
0.000029 1
0.000028 1
0.000027 1
0.000027 1
0.000028 1
0.000028 1
0.000031 1
0.000028 1
0.000028 1
0.000151 1
0.000031 1
0.000030 1
0.000030 1
0.000117 1
0.000031 1
0.000108 1
0.000104 1
0.000031 1
0.000066 1
0.000089 1
0.000020 1
0.000072 1
0.000020 1
0.000061 1
0.000020 1
0.000058 1
0.000028 1
0.000073 1
0.000021 1
0.000059 1
0.000021 1
0.000069 1
0.000063 1
0.000059 1
0.000021 1
0.000059 1
0.000058 1
0.000022 1
0.000059 1
0.000022 1
1.337086 41
10.199959 41
0.719932 41
1.320310 41
0.899773 54
0.220189 248
0.200162 101
0.279955 104
0.000020 2
0.000025 192
0.440075 44
1.596019 41
11.843914 1
0.459594 1
2.107996 1
0.000022 1
0.000017 1
0.000015 1
0.000016 1
0.000024 1
0.000016 1
0.000204 1
0.000044 1
0.000025 1
0.000017 1
0.000016 1
0.000017 1
0.000016 1
0.000017 1
0.831508 41
23.219936 1
0.420557 1
1.507848 1
0.000034 1
0.000057 1
0.000027 1
0.000028 1
0.000025 1
0.000028 1
0.000028 1
0.000027 1
0.000034 1
0.000028 1
0.000027 1
0.000029 1
0.000036 1
0.000030 1
0.000029 1
0.000030 1
0.000280 1
0.000035 1
0.000031 1
0.000033 1
0.000031 1
0.000033 1
0.000032 1
0.000033 1
0.000140 1
0.000035 1
0.000033 1
0.000115 1
0.000035 1
0.000122 1
0.000033 1
0.000107 1
0.000076 1
0.000035 1
0.000094 1
0.000096 1
0.000105 1
0.000119 1
0.000037 1
0.000108 1
0.000098 1
0.000036 1
0.000095 1
0.000093 1
0.000048 1
0.000099 1
0.000100 1
0.000101 1
0.000041 1
0.000110 1
0.000102 1
0.000102 1
0.000105 1
0.000044 1
0.000103 1
0.000104 1
0.000109 1
0.000115 1
0.000097 1
0.000108 1
0.000041 1
0.000100 1
0.000098 3
0.000085 1
0.000022 1
0.000021 1
0.000080 1
0.000023 1
0.000022 1
0.000080 1
0.000024 1
0.000023 1
0.000082 1
0.000024 1
0.000024 1
0.000082 1
0.000024 1
0.000026 1
0.000091 1
0.000025 1
0.000086 1
0.000026 1
0.000025 1
0.000085 1
0.000027 1
0.000084 1
0.000028 1
0.000087 1
0.000028 1
0.000027 1
0.000108 1
0.000029 1
0.000089 1
0.000028 1
0.000030 1
0.000097 1
0.000092 1
0.000031 1
0.000100 1
0.000032 1
0.000093 1
0.000031 1
0.000089 1
0.000033 1
0.000089 1
0.000090 1
1.585430 41
3.839912 1
0.119652 1
0.256006 2
0.001186 112
0.000177 2
0.000105 76
0.000108 2
0.000257 39
6.542656 1
0.159960 1
0.240112 1
0.179793 1
0.100012 1
0.100055 1
0.163850 1
0.396307 1
0.199318 1
0.120642 1
0.139993 1
0.219711 1
0.220301 1
0.140250 1
0.347189 1
0.132347 1
1.000358 1
0.179577 1
0.160186 1
0.099548 1
0.540492 1
0.159492 1
0.640466 1
0.099543 1
0.160627 1
0.139434 1
0.160176 1
0.140470 1
0.179738 1
0.440068 1
0.099497 1
0.140055 1
0.207876 1
0.111935 1
0.140538 1
0.140001 1
0.160016 1
0.620072 4
0.199438 4
0.180400 4
0.159565 4
0.180372 4
0.168211 4
0.171860 4
0.220112 4
0.839922 1
0.140040 1
0.139884 1
0.240031 1
0.740145 1
0.147956 1
0.116014 1
0.095893 1
0.200027 1
0.100009 1
0.560170 1
0.439984 1
0.219537 1
0.168397 1
0.812011 41
3.139606 1
0.300280 1
0.179598 1
0.100382 1
0.060056 1
0.119619 1
1.200393 1
0.159954 1
0.600014 1
0.140113 1
0.115999 1
0.111976 1
0.151482 1
0.180022 1
0.100033 1
0.280510 1
0.605617 1
1.754036 1
0.239972 1
0.660157 1
0.380018 1
0.140024 1
0.199991 1
2.001699 77
0.000704 8
3.357621 1
0.179868 1
0.260074 1
0.699636 1
0.200526 1
0.099560 1
0.099925 1
0.100604 1
0.259925 1
0.219954 1
0.155575 1
0.303913 1
0.600408 1
0.560117 1
0.219743 1
0.220152 1
0.200123 1
0.219804 1
0.199731 1
0.160025 1
0.139939 1
0.160179 1
0.100341 1
0.099526 1
0.179961 1
0.168358 1
0.171676 1
1.400423 1
0.147889 1
0.112189 1
0.179515 1
0.100489 1
0.099461 1
0.160367 1
0.099587 1
1.100037 2
0.000060 8
7.340456 1
0.679550 1
0.120449 1
0.799988 1
0.259475 1
0.120047 1
1.099986 1
0.600549 1
0.347398 1
0.151930 1
0.280104 1
0.120327 1
0.219798 1
2.820223 1
0.319760 1
0.100215 1
0.100302 1
0.199666 1
0.167800 1
1.052587 1
0.139653 1
0.119759 1
0.440275 1
0.347675 1
0.791889 1
0.720413 2
0.000065 8
2.239706 1
0.120372 1
1.380029 1
1.099835 1
0.188260 1
0.111365 1
0.200121 1
1.600044 1
0.100756 1
0.219108 1
0.128012 1
0.092463 1
0.299536 1
0.559990 4
0.160445 4
0.239919 4
0.140039 4
0.180002 4
0.980112 4
0.719816 1
0.200245 1
0.079842 1
0.819720 1
0.079723 1
0.139988 1
0.180264 1
1.700445 1
0.159470 1
0.079933 1
0.220227 1
0.107857 1
0.392392 1
0.179685 1
0.159817 1
0.960457 1
0.140134 1
0.279858 1
0.279604 1
0.180470 1
0.820165 1
1.739436 10
1.180434 1
0.107789 1
0.112095 1
0.119724 1
0.840018 1
0.840174 1
0.139900 1
0.379875 1
0.400010 1
0.420505 1
1.039425 1
0.260451 1
0.087494 1
0.872520 1
0.219877 1
0.239601 1
0.240446 1
0.159525 1
0.580086 1
0.800037 10
1.939935 1
0.300498 1
0.260060 1
0.099444 1
1.260374 1
0.300157 1
0.199529 1
0.119987 1
0.456034 1
0.683962 1
0.820457 1
0.139844 1
0.119876 1
0.620542 1
0.299283 1
0.239932 1
0.180443 1
0.520146 1
0.939983 10
3.899568 1
0.179842 1
0.140549 1
0.059591 1
0.119997 1
0.139974 1
0.708049 1
0.672540 1
0.219761 1
2.439617 4
0.220402 4
1.079956 1
0.279766 1
0.140522 1
0.499443 1
0.160160 1
0.120448 1
0.319237 1
1.480269 4
0.960364 1
0.639799 1
0.540015 1
0.879571 1
0.460573 1
2.839740 1
0.579977 10
5.260261 1
0.139861 1
0.207607 1
0.132594 1
0.399819 1
0.419971 1
0.740010 1
0.100079 1
0.359494 1
0.160405 1
1.039664 1
0.460453 10
0.939953 1
0.179632 1
0.140328 1
0.179658 1
0.168425 1
0.671872 1
0.539938 1
0.140130 1
0.759570 1
0.100355 1
0.159813 1
0.179784 1
0.200306 1
1.779832 1
0.419959 1
1.360033 4
0.640431 1
0.367929 1
0.091975 1
0.519696 1
0.120037 1
0.280154 1
0.140234 1
1.800052 1
0.639633 1
0.799853 1
1.760315 1
0.840112 1
0.660299 2
0.001814 8
2.817915 1
0.207389 1
0.272052 1
1.660472 1
0.120013 1
0.099614 1
0.080447 1
0.180046 1
0.219870 1
0.127769 1
0.072308 1
0.579921 1
0.080070 1
0.119921 1
0.119668 1
0.140342 1
0.099586 1
0.120331 1
0.060012 1
0.139782 1
0.147837 1
0.792461 1
0.159983 1
0.119728 1
0.219794 1
0.148152 1
0.191932 1
0.120451 1
0.200188 1
0.115377 1
0.924378 1
0.100327 1
0.079376 1
0.101212 1
0.259183 1
0.100001 1
0.199893 1
0.120050 1
0.179688 1
0.160455 1
0.299363 1
0.088448 1
0.171715 1
0.100346 1
0.059853 1
0.199958 1
0.140122 1
0.180110 1
0.099469 1
0.348120 1
0.171938 1
0.060076 1
0.199872 1
0.020079 1
0.140297 1
0.339789 1
0.160493 1
0.147527 1
0.092347 1
0.179401 1
0.100400 1
0.479786 1
0.099913 1
0.899900 2
0.000049 8
1.968072 1
0.172386 1
0.108112 1
0.187462 1
0.144011 1
0.120553 1
0.400034 10
0.000013 2
0.000040 8
7.639778 1
0.180037 1
0.619461 1
0.368640 1
0.491719 1
0.059869 1
0.040189 1
0.059514 1
0.056505 1
0.043984 1
0.039760 1
0.068448 1
0.031852 1
0.059552 1
0.048668 1
0.051308 1
0.040098 1
0.075967 1
0.032348 1
0.812194 10
1.719852 1
0.139811 1
0.239811 1
3.740556 1
0.159476 1
0.160349 1
0.148067 1
0.231537 1
0.180427 1
0.259972 1
0.160171 1
0.179768 1
0.960147 1
0.199430 1
0.100001 1
0.119996 1
0.147967 1
0.232219 1
0.120056 1
0.300222 1
0.099646 1
0.140106 1
0.059774 1
0.240541 1
0.239718 1
0.119823 1
0.120393 1
0.260199 1
0.139822 1
0.260004 1
0.220135 1
0.259796 1
0.160135 1
0.079960 1
0.139906 1
0.147797 1
0.212007 1
0.799903 1
0.300372 1
0.080077 1
0.139929 1
1.460211 1
0.239505 1
0.060238 1
0.139874 1
0.100295 1
0.107763 1
1.032113 1
0.119899 1
0.148069 1
0.031647 1
0.180043 1
0.119943 1
0.068344 1
0.092130 1
0.187836 1
1.391958 1
0.347809 1
0.132331 1
1.347536 2
0.000069 8
3.592238 1
0.160137 1
1.119894 10
1.208039 1
0.192004 1
0.787683 1
9.653649 97
1.898648 10
1.520052 1
0.180012 1
0.259976 1
8.459948 1
0.000044 1
0.000020 1
0.000025 1
0.000029 1
0.000042 1
0.000047 1
0.000021 1
0.000020 1
0.000020 1
0.000021 1
0.000020 1
0.000021 1
0.000022 1
0.000023 1
0.000023 1
0.000031 1
0.000025 1
0.000022 1
0.000023 1
0.000032 1
0.000023 1
0.000023 1
0.000023 1
0.000024 1
0.000024 1
0.000024 1
0.000024 1
0.000025 1
0.000253 1
0.000027 1
0.000035 1
0.000026 1
0.000026 1
0.000026 1
0.000034 1
0.000028 1
0.000037 1
0.000026 1
0.000114 1
0.000039 1
0.000099 1
0.000038 1
0.000116 1
0.000039 1
1.098029 10
1.600323 1
0.200063 1
0.959626 1
8.148017 1
0.000019 1
0.000014 1
0.000012 1
0.000013 1
0.000013 1
0.000012 1
0.000024 1
0.000022 1
0.000022 1
0.000022 1
0.000014 1
0.000014 1
0.000014 1
0.000013 1
0.000014 1
0.000014 1
0.000015 1
0.000015 1
0.000014 1
0.000015 1
0.000014 1
0.000015 1
0.000015 1
0.000030 1
0.000025 1
0.000022 1
0.000022 1
0.000020 1
0.000026 1
0.000070 1
0.000027 1
0.000017 1
0.000026 1
0.000031 1
0.000018 1
0.000016 1
0.000018 1
0.000016 1
0.000017 1
0.000017 1
0.000017 1
0.000018 1
0.000017 1
0.000208 1
0.000020 1
0.000018 1
0.000017 1
0.000018 1
0.000019 1
0.000018 1
0.000018 1
0.000019 1
1.090685 2
0.000049 8
17.020379 1
0.180140 1
1.639776 1
0.280105 1
0.140103 1
0.059790 1
0.079983 1
0.208312 1
0.191871 1
0.139966 1
0.087818 1
0.272323 1
0.199733 1
0.119663 1
0.100030 1
0.060115 1
0.200029 1
0.240265 1
0.140133 1
0.167423 1
0.212465 1
0.220061 1
0.180332 1
0.599258 1
0.140069 1
0.140361 1
0.135578 1
0.123855 1
0.148568 1
0.131427 1
0.100181 1
1.180443 4
1.699414 1
0.368073 1
0.252437 1
0.139511 1
0.520032 1
0.220510 1
0.099451 1
0.140443 1
0.179580 1
0.348147 1
0.112264 1
0.279689 1
0.139857 1
0.100161 1
0.100361 1
0.127530 1
0.092167 1
0.147795 1
0.092043 1
0.128360 1
0.131818 1
0.099927 1
0.780246 2
0.000058 8
6.939820 1
0.160211 1
0.239591 1
0.340022 1
0.219881 1
0.220150 1
0.899923 1
0.148046 1
0.171959 1
0.139952 1
0.108047 1
0.112014 1
0.120062 1
0.260056 1
0.219756 1
0.200428 1
0.139641 1
0.140572 1
0.239494 1
0.140540 1
0.119454 1
0.099998 1
0.187963 1
0.112515 1
0.139869 1
0.899631 1
0.100091 1
0.759897 2
0.000051 8
1.480023 1
0.259954 1
0.140461 1
0.059483 1
0.400153 1
0.360048 1
0.179806 1
0.920621 1
0.079522 1
0.219824 1
0.262274 1
0.118206 1
0.859698 1
0.720377 1
0.179650 1
0.260261 1
0.299917 1
0.079611 1
0.220132 1
0.108043 1
0.611914 1
0.139993 1
0.140035 1
0.159972 1
0.120070 1
0.140005 1
0.107763 1
0.132257 1
0.780283 1
0.740015 2
0.000098 32
0.000018 2
0.000034 8
5.599899 29
0.779859 1
0.460165 1
0.039899 1
0.060033 1
0.039581 1
0.068513 1
0.031917 1
0.059537 1
0.039985 1
0.068392 1
0.032028 1
0.060211 1
0.299945 1
0.687970 1
0.272029 1
1.120034 1
1.119848 3
0.940116 5
0.719853 5
0.647915 5
0.572136 5
0.120057 5
0.740126 5
0.879734 3
0.000239 2
0.000045 8
2.699460 1
0.259831 1
0.408254 10
2.552336 1
0.347599 2
0.000074 30
0.000028 2
0.000064 8
0.912397 1
0.139869 1
0.239399 1
0.600189 1
0.220169 1
0.139874 1
0.260199 1
0.119991 1
0.100122 1
0.139917 1
0.468014 1
0.120142 1
0.111850 1
0.267907 1
0.132094 1
0.180002 1
0.240014 1
0.119910 1
0.059510 1
0.240492 1
0.128067 1
0.091912 1
0.136183 1
0.132043 1
0.159401 1
0.900022 4
0.511959 4
0.040013 4
0.069282 4
0.030826 4
0.060256 4
0.039794 4
0.060179 4
0.167643 4
0.192041 4
0.180399 4
0.159705 4
0.208436 4
0.191438 4
0.220431 4
0.879669 1
0.080456 1
0.279446 1
0.120535 1
0.179947 1
0.260177 1
0.219871 1
0.259446 1
0.100555 1
0.099761 1
0.219840 1
0.099997 1
0.080000 1
0.140291 1
0.148031 1
0.172074 1
1.547508 1
0.512468 10
1.447698 1
0.152358 1
0.207987 1
0.211945 1
0.219906 1
0.140148 1
0.059385 1
0.100615 1
0.239659 1
0.280207 1
0.219533 1
0.120150 1
0.140492 1
0.107515 1
0.111923 1
0.160059 1
0.100386 1
1.380014 2
0.000096 8
0.579535 1
0.160445 1
0.219977 1
0.239634 1
0.239834 1
0.220038 1
0.140451 1
0.120093 1
0.120142 1
0.107407 1
0.211808 1
0.148100 1
0.091992 1
0.120136 1
0.159849 1
0.128049 1
0.132608 1
0.139288 1
0.580097 10
2.479973 1
0.160531 1
0.260012 1
0.479899 1
0.179987 1
0.139967 1
0.240187 1
0.159929 1
0.279528 1
0.160489 1
0.279444 1
0.219960 1
0.080536 1
0.159552 1
0.900194 10
13.227863 1
0.000018 1
0.000013 1
0.000013 1
0.000012 1
0.000012 1
0.000021 1
0.000014 1
0.000022 1
0.000013 1
0.000013 1
0.000013 1
0.000020 1
0.000014 1
0.000013 1
0.000014 1
0.000013 1
0.000014 1
0.000014 1
0.000014 1
0.000218 1
0.000016 1
0.000019 1
0.000020 1
0.000027 1
0.000016 1
0.000015 1
0.000015 1
0.000016 1
0.000017 1
0.000024 1
0.000027 1
0.000018 1
0.000020 1
0.000101 1
0.000021 1
0.000017 1
0.000016 1
0.000017 1
0.000082 1
0.000021 1
0.000069 1
0.000020 1
0.000058 1
0.000018 1
0.000055 1
0.000018 1
0.000054 1
0.000018 1
0.000055 1
0.000024 1
0.000058 1
0.000054 1
0.000019 1
0.000066 1
0.000020 1
0.000091 1
0.000074 1
0.000030 1
0.000069 1
0.000071 1
0.000049 1
0.000059 1
0.000020 1
0.000057 1
0.000056 1
0.000020 1
0.000057 1
0.000056 1
0.000021 1
0.000063 1
0.000059 1
0.000022 1
0.000058 1
0.000068 1
0.000080 1
0.000034 1
1.909278 2
0.001848 8
9.966289 1
0.000023 1
0.000020 1
0.000077 6
0.000012 1
0.000012 1
0.000012 1
0.000014 1
0.000013 1
0.000014 1
0.000013 1
0.000014 1
0.000027 1
0.000019 1
0.000207 1
0.000019 1
0.000019 1
0.000014 1
0.000015 1
0.000015 1
0.000014 1
0.000015 1
0.000015 1
0.000020 1
0.000025 1
0.000016 1
0.000015 1
0.000016 1
0.000015 1
0.000016 1
0.000111 1
0.000029 1
0.000081 1
0.000020 1
0.000017 1
0.000063 1
0.000028 1
0.000067 1
0.000018 1
0.000063 1
0.000032 1
0.000062 1
0.000055 1
0.000027 1
0.000072 1
0.000019 1
0.000057 1
0.000019 1
0.000055 1
0.000032 1
0.000086 1
0.000060 1
0.000050 1
0.000020 1
0.000067 1
0.000020 1
0.000047 1
0.000052 1
0.000081 1
0.000056 1
0.000020 1
0.000102 1
0.000021 1
0.000021 1
0.000020 1
0.000084 1
1.750014 2
0.001611 8
8.838287 1
0.000021 1
0.000015 1
0.000013 1
0.000012 1
0.000013 1
0.000013 1
0.000013 1
0.000022 1
0.000028 1
0.000013 1
0.000013 1
0.000014 1
0.000013 1
0.000014 1
0.000014 1
0.000013 1
0.000014 1
0.000014 1
0.000232 1
0.000021 1
0.000015 1
0.000015 1
0.000014 1
0.000019 1
0.000016 1
0.000015 1
0.000015 1
0.000015 1
0.000015 1
0.000016 1
0.000015 1
0.000016 1
0.000016 1
0.000016 1
0.000016 1
0.000098 1
0.000053 1
0.000085 1
0.000018 1
0.000071 1
0.000018 1
0.000058 1
0.000018 1
0.000054 1
0.000018 1
0.000059 1
0.000019 1
0.000056 1
0.000018 1
0.000095 1
0.000062 1
0.000055 1
0.000019 1
0.000054 1
0.000055 1
0.000019 1
0.000055 1
0.000019 1
0.000076 1
0.000060 1
0.000056 1
0.000020 1
0.000056 1
0.000056 1
0.000021 1
0.000055 1
0.000056 1
0.000033 1
0.000095 1
0.000103 1
0.737524 2
0.001594 8
10.678377 1
0.000020 1
0.000019 1
0.000029 1
0.000015 1
0.000018 1
0.000039 1
0.000015 1
0.000017 1
0.000014 1
0.000013 1
0.000013 1
0.000013 1
0.000013 1
0.000014 1
0.000013 1
0.000014 1
0.000016 1
0.000014 1
0.000184 1
0.000016 1
0.000027 1
0.000029 1
0.000025 1
0.000031 1
0.000025 1
0.000018 1
0.000016 1
0.000015 1
0.000015 1
0.000085 1
0.000017 1
0.000016 1
0.000079 1
0.000017 1
0.000016 1
0.000017 1
0.000067 1
0.000019 1
0.000082 1
0.000024 1
0.000059 1
0.000022 1
0.000064 1
0.000018 1
0.000054 1
0.000018 1
0.000071 1
0.000059 1
0.000019 1
0.000081 1
0.000073 1
0.000019 1
0.000019 1
0.000057 1
0.000019 1
0.000063 1
0.000057 1
0.000071 1
0.000020 1
0.000020 1
0.000070 1
0.000059 1
0.000056 1
0.000023 1
0.000067 1
0.877426 2
0.001509 8
10.106597 1
0.000047 1
0.000030 1
0.000013 1
0.000012 1
0.000022 1
0.000021 1
0.000026 1
0.000016 1
0.000013 1
0.000022 1
0.000013 1
0.000013 1
0.000019 1
0.000024 1
0.000020 1
0.000014 1
0.000014 1
0.000197 1
0.000015 1
0.000032 1
0.000015 1
0.000021 1
0.000015 1
0.000015 1
0.000015 1
0.000015 1
0.000015 1
0.000015 1
0.000015 1
0.000016 1
0.000015 1
0.000105 1
0.000018 1
0.000016 1
0.000025 1
0.000075 1
0.000031 1
0.000075 1
0.000067 1
0.000019 1
0.000056 1
0.000026 1
0.000074 1
0.000019 1
0.000017 1
0.000056 1
0.000027 1
0.000053 1
0.000052 1
0.000079 1
0.000019 1
0.000056 1
0.000019 1
0.000067 1
0.000081 1
0.000070 1
0.000020 1
0.000074 1
0.000021 1
0.000059 1
0.000020 1
0.000056 1
0.000069 1
0.000070 1
0.000021 1
0.000057 1
0.000021 1
1.649596 2
0.001692 8
9.198419 1
0.000027 1
0.000017 1
0.000012 1
0.000013 1
0.000013 1
0.000051 1
0.000018 1
0.000024 1
0.000015 1
0.000012 1
0.000013 1
0.000014 1
0.000017 1
0.000215 1
0.000018 1
0.000014 1
0.000013 1
0.000014 1
0.000014 1
0.000015 1
0.000014 1
0.000015 1
0.000014 1
0.000015 1
0.000015 1
0.000015 1
0.000015 1
0.000015 1
0.000015 1
0.000015 1
0.000016 1
0.000084 1
0.000017 1
0.000016 1
0.000016 1
0.000095 1
0.000017 1
0.000017 1
0.000017 1
0.000021 1
0.000086 1
0.000031 1
0.000086 1
0.000019 1
0.000069 1
0.000069 1
0.000026 1
0.000077 1
0.000019 1
0.000057 1
0.000019 1
0.000067 1
0.000063 1
0.000020 1
0.000064 1
0.000019 1
0.000058 1
0.000020 1
0.000087 1
0.000076 1
0.000021 1
0.000078 1
0.000072 1
0.000021 1
0.000059 1
0.000032 1
0.000073 1
0.000067 1
0.000031 1
1.496998 2
0.001604 8
8.806545 1
0.000024 1
0.000017 1
0.000020 1
0.000018 1
0.000019 1
0.000049 1
0.000020 1
0.000019 1
0.000033 1
0.000022 1
0.000014 1
0.000013 1
0.000013 1
0.000028 1
0.000025 1
0.000031 1
0.000021 1
0.000020 1
0.000020 1
0.000239 1
0.000023 1
0.000021 1
0.000021 1
0.000060 1
0.000026 1
0.000024 1
0.000023 1
0.000028 1
0.000024 1
0.000024 1
0.000024 1
0.000115 1
0.000026 1
0.000025 1
0.000106 1
0.000098 1
0.000029 1
0.000101 1
0.000029 1
0.000027 1
0.000082 1
0.000028 1
0.000082 1
0.000066 1
0.000075 1
0.000019 1
0.000054 1
0.000031 1
0.000078 1
0.000019 1
0.000018 1
0.000058 1
0.000019 1
0.000055 1
0.000063 1
0.000020 1
0.000055 1
0.000020 1
0.000064 1
0.000020 1
0.000075 1
0.000019 1
0.000054 1
0.000055 1
0.000020 1
0.000054 1
0.000066 1
0.000021 1
1.549370 2
0.001831 8
9.086235 1
0.000054 10
0.000013 1
0.000013 1
0.000024 1
0.000014 1
0.000013 1
0.000014 1
0.000014 1
0.000020 1
0.000015 1
0.000015 1
0.000212 1
0.000016 1
0.000015 1
0.000014 1
0.000015 1
0.000015 1
0.000015 1
0.000016 1
0.000019 1
0.000017 1
0.000021 1
0.000030 1
0.000018 1
0.000028 1
0.000098 1
0.000027 1
0.000020 1
0.000062 1
0.000018 1
0.000055 1
0.000017 1
0.000077 1
0.000019 1
0.000057 1
0.000018 1
0.000054 1
0.000021 1
0.000077 1
0.000019 1
0.000018 1
0.000060 1
0.000055 1
0.000019 1
0.000055 1
0.000020 1
0.000050 1
0.000027 1
0.000064 1
0.000061 1
0.000084 1
0.000021 1
0.000060 1
0.000056 1
0.000028 1
0.000071 1
0.000061 1
0.000056 1
0.000069 1
0.000072 1
0.000022 1
2.109550 2
0.002080 8
14.118029 1
0.179940 1
0.239560 1
1.180413 1
0.240126 1
0.388051 10
0.811787 1
0.240281 1
0.499896 4
0.199877 4
0.147970 1
0.952085 1
0.139494 1
0.280565 1
0.599842 1
0.219652 1
0.080337 1
0.120034 1
0.059772 1
0.180379 1
0.148095 1
0.071955 1
0.167648 1
0.192161 1
0.080042 1
0.100031 1
0.159895 1
0.240121 1
0.259462 1
0.140441 1
0.160115 1
0.099889 1
0.100195 1
0.240230 1
0.119548 1
0.260027 1
0.120019 1
0.180099 1
0.839777 1
0.180325 1
0.219352 1
0.120584 1
2.087851 10
3.631719 1
0.180379 1
0.199703 1
15.080234 4
0.219965 4
0.180024 4
0.179983 1
0.160147 1
0.619770 1
0.379668 1
0.120316 1
0.116069 1
0.384041 1
0.300009 1
0.179606 1
0.560332 1
0.100071 1
0.159977 1
0.239995 1
0.040121 1
1.359760 1
0.644106 1
0.836136 1
0.379911 1
0.260152 1
0.515796 1
0.204073 1
0.059937 1
0.219514 1
0.100685 1
0.379823 1
0.179639 1
0.180308 1
0.140157 1
0.159872 1
0.139998 1
0.140132 1
0.099889 1
0.840025 1
0.700040 2
0.000182 1
0.000281 2
0.000066 8
2.359082 1
0.180042 1
0.168149 1
0.592152 1
0.220094 1
0.947976 1
0.211977 1
0.179583 1
0.080225 1
0.200133 1
0.180009 1
0.428012 1
0.631865 4
0.240135 1
0.139780 1
0.300227 1
0.319983 1
1.116092 1
0.383408 1
0.820424 1
0.240125 1
0.180018 1
0.260524 1
0.118916 1
0.968152 1
0.211935 1
1.880424 1
0.160070 1
0.139494 1
0.100313 1
0.107657 1
0.172435 1
0.060145 1
0.127821 1
0.112003 1
0.139684 1
0.148433 1
0.431480 1
0.140080 1
0.079905 1
0.248125 1
0.120335 1
0.091460 1
0.160133 1
0.160368 1
0.108025 1
0.292031 1
1.039578 1
0.100452 1
0.139913 1
0.820044 4
0.279575 4
0.200399 4
0.160119 4
0.959476 1
0.108678 1
0.131317 1
0.128277 1
0.132310 1
0.459846 1
0.099708 1
0.060249 1
0.088063 1
0.171488 1
0.120462 1
0.060237 1
0.139906 1
0.099995 1
0.179534 1
0.100024 1
0.160289 1
0.107965 1
0.312154 1
0.288042 1
0.632070 10
1.919926 1
0.159600 1
0.740411 4
0.199887 4
0.199915 1
0.740073 1
0.367868 1
0.112119 1
0.100024 1
0.440282 1
0.319709 1
0.180141 1
0.939825 1
0.180148 1
0.419871 1
0.299887 1
0.108069 1
0.211997 1
0.148014 1
0.832254 1
0.139810 1
0.139960 1
0.227928 1
0.091683 1
0.120502 1
0.159882 1
0.120116 1
0.839824 1
0.479654 2
0.000117 37
0.000115 2
0.000069 31
0.000019 2
0.000015 31
0.000010 2
0.000011 26
0.000007 2
0.000024 28
0.000154 2
0.000015 30
0.000008 2
0.000010 29
0.000008 2
0.000010 31
0.000008 2
0.000048 8
3.419883 1
0.139773 1
0.240213 1
0.319554 1
0.160442 1
0.139444 1
0.368113 1
0.212031 1
0.239913 1
0.179987 1
0.100365 1
0.200061 1
0.220172 1
0.127526 1
0.072386 1
0.220016 1
0.140115 1
0.059923 1
0.159518 1
0.107972 1
0.132346 1
0.107582 1
0.152123 1
0.140487 1
0.207399 1
7.071970 2
0.000054 8
0.600202 1
0.179884 1
0.260015 1
1.259957 1
0.140412 1
0.099527 1
0.040267 1
0.207644 1
0.092615 1
0.079540 1
0.108256 1
0.071606 1
0.220717 1
0.079382 1
0.059994 1
0.080017 1
0.207958 1
0.232147 1
0.127778 1
0.112211 1
0.299857 1
0.239982 1
0.079972 1
0.140066 1
0.259971 1
0.148411 1
0.611595 1
0.120453 1
0.099503 1
0.100567 1
0.147521 1
0.532384 4
0.499997 1
0.179612 1
0.240327 1
0.168080 1
0.092152 1
0.099542 1
0.140249 1
0.107667 1
0.152158 1
0.159912 1
0.180291 1
0.259531 1
0.140144 1
0.719898 1
0.102380 1
0.197712 1
0.100037 1
0.107863 1
0.111995 1
0.140050 1
0.108133 1
0.212290 1
0.259669 1
0.120451 1
0.059454 1
0.160570 1
0.139445 1
0.107945 1
0.172539 1
0.139428 1
0.140090 1
0.180281 1
0.120207 1
0.099858 1
0.179982 1
0.500126 1
0.139598 1
0.920247 1
0.120057 1
0.175999 1
0.904045 10
2.899949 1
0.187760 1
0.112317 1
0.859683 1
0.239953 1
0.240186 1
0.128092 1
0.132189 1
0.479435 1
0.200032 1
0.608557 10
0.971811 1
0.240194 1
0.179734 1
0.140139 1
0.207624 1
0.172076 1
0.720222 1
0.139996 1
0.319652 1
0.219960 1
0.279964 1
0.200599 1
1.540151 10
2.079399 12
0.639893 41
0.740037 95
1.399983 59
1.520309 52
1.079611 2
0.000135 74
0.000010 2
0.000010 74
0.000008 2
0.000011 74
0.000008 2
0.000013 74
0.000008 2
0.000011 74
0.000008 2
0.000014 74
0.000012 2
0.000016 74
0.000008 2
0.000011 74
0.000020 2
0.000021 74
0.000018 2
0.000020 74
0.000284 10
2.219999 1
0.159801 1
0.259650 1
0.419919 1
0.120476 1
0.179775 1
0.139713 1
0.208093 1
0.112104 1
0.260276 1
0.147975 1
0.152081 1
0.240108 1
0.140026 1
0.579408 1
0.160289 1
0.320225 1
0.159908 1
0.739600 4
0.180409 4
0.208091 1
0.191640 1
0.139947 1
0.639899 1
0.240374 1
0.659597 10
8.780079 10
1.300027 1
0.196324 1
0.223584 1
1.000102 1
0.500229 1
0.059665 1
0.040575 1
0.059742 1
0.039621 1
0.060437 1
0.039857 1
0.060398 1
0.039408 1
0.067972 1
0.032600 1
0.055561 1
0.044238 1
0.059575 1
0.048443 1
0.051907 1
0.039683 1
0.060309 1
0.039784 1
0.067794 1
0.473550 10
41.499036 1
0.199504 1
0.860353 1
1.580080 1
0.000033 1
0.000029 1
0.000049 1
0.000024 1
0.000023 1
0.000286 1
0.000027 1
0.000021 1
0.000022 1
0.000022 1
0.000021 1
0.000021 1
0.000024 1
0.000022 1
1.519381 1
0.499749 1
0.040154 1
0.060092 1
0.039601 1
0.060408 1
0.039533 1
0.060434 1
0.039641 1
0.087879 1
0.532101 1
0.220211 1
0.180188 1
0.179945 1
0.208047 1
1.472101 1
0.659646 3
1.260269 5
0.439997 5
0.199784 5
0.900404 10
9.259940 1
0.200003 1
0.319994 1
1.119533 1
0.739833 1
0.180674 1
0.059347 1
0.108048 1
0.092441 1
0.180245 1
0.179667 1
0.279712 1
0.300304 1
0.120074 1
0.099607 1
1.120405 1
1.888137 1
0.000021 1
0.000015 1
0.000022 1
0.000025 1
0.000024 1
0.000015 1
0.000026 1
0.000016 1
0.000016 1
0.000196 1
0.000032 1
0.000016 1
0.000015 1
0.000016 1
0.000024 1
0.000016 1
0.000015 1
0.000016 1
0.000015 1
0.000028 1
0.000081 1
0.000032 1
0.000107 1
0.000019 1
0.000080 1
0.000053 1
0.000071 1
0.000018 1
0.000087 1
0.000029 1
0.000072 1
0.000019 1
0.000073 1
0.000068 1
0.000019 1
0.000079 1
0.000021 1
0.000060 1
0.000068 1
0.000020 1
0.000019 1
0.000070 1
1.689700 10
45.679975 1
0.368545 1
0.411489 1
0.440006 1
0.140459 1
0.839954 1
0.140116 1
0.139816 1
0.320138 1
0.159890 1
0.099536 1
0.320992 1
0.259159 1
0.140157 1
0.139743 1
0.100062 1
0.279981 1
0.080537 1
0.179455 1
0.080261 1
0.163610 1
0.112548 1
0.183501 1
0.140134 1
0.180026 1
0.080218 1
0.279767 1
0.080389 1
0.100145 1
0.367500 1
0.171821 1
0.180232 1
0.179948 1
0.100063 1
0.100349 1
0.239500 1
0.159940 1
0.400082 1
0.140032 1
0.260296 1
0.359617 1
0.359976 1
0.100412 1
0.220121 1
0.079586 1
0.180360 1
2.579911 10
7.999638 1
0.240056 1
0.079963 1
0.180570 1
0.447460 1
0.932446 1
0.339592 1
0.160178 1
0.187880 1
0.091960 1
0.160277 1
0.339667 1
0.120011 1
0.128358 1
0.131652 1
0.100021 1
0.140491 1
0.139514 1
0.128408 1
0.271558 1
0.368064 1
0.212443 1
0.819531 1
0.160048 1
0.207860 1
0.672367 1
0.179908 1
0.239747 1
1.200070 1
0.140297 1
0.207531 1
0.132175 1
0.099937 1
0.160319 1
0.099717 1
0.680045 4
0.179839 4
0.400582 1
0.139813 1
0.139817 1
0.127917 1
0.072645 1
0.139277 1
0.099917 1
0.120245 1
0.100195 1
0.139609 1
0.216086 1
0.144345 1
0.139612 1
2.368322 1
0.791761 71
0.940238 71
0.759674 4
0.508540 4
0.031886 4
0.059509 4
0.039974 4
0.060139 4
0.039902 4
0.060484 4
0.039643 4
0.068399 4
0.031574 4
0.059891 4
0.040099 4
0.056013 4
0.072064 4
0.040014 4
0.052308 4
0.040129 4
0.039632 4
0.060449 4
0.059451 4
0.039925 4
0.059972 4
0.040447 4
0.039669 4
0.068477 4
0.052046 4
0.039894 4
0.047994 4
0.052068 4
0.059800 4
0.040017 4
0.067756 4
0.032180 4
0.059710 4
0.048424 4
0.052020 4
0.048044 4
0.152118 4
0.000031 4
0.007524 4
0.032313 4
0.059528 4
0.060474 4
0.039542 4
0.060445 4
0.039776 1
0.060249 1
0.039825 1
0.059783 1
0.039847 1
0.068465 1
0.031480 1
0.060517 1
0.039573 1
6.688352 1
0.191644 1
0.167905 1
0.092054 1
0.160412 1
0.099930 1
0.139760 1
2.880537 1
0.159729 1
0.199921 1
0.500284 1
0.279474 1
0.087998 1
0.112109 1
0.219836 1
0.128002 1
0.232554 1
0.127993 1
0.151909 1
0.139674 1
0.099870 1
0.260084 1
0.080417 1
0.919611 1
0.099922 1
0.179858 1
0.220216 1
0.220007 1
0.136470 1
0.723867 4
0.500090 4
0.040041 4
0.067955 4
0.031793 4
0.067839 4
0.032363 4
0.059470 4
0.060116 4
0.040392 4
0.039577 4
0.059930 4
0.060115 4
0.040329 4
0.040240 4
0.059436 4
0.076419 4
0.023755 4
0.059903 4
0.039778 4
0.076020 4
0.024465 4
0.059529 4
0.040101 4
0.068211 4
0.031633 4
0.060159 4
0.059996 4
0.047884 4
0.031928 1
0.068495 1
0.051604 1
0.040337 1
0.060107 1
0.039628 1
0.048424 1
0.059895 1
0.051782 1
9.020441 10
0.719813 10
1.699731 46
0.200371 90
0.219441 55
0.240199 55
0.519934 56
0.640248 55
0.739774 2
0.000086 8
0.860023 1
0.159815 1
0.220487 1
0.979815 1
1.319823 1
0.219977 1
1.520237 1
0.159851 1
0.207759 1
0.212492 1
0.200016 1
0.480033 1
0.999860 1
0.179577 1
0.140006 1
0.140109 1
0.100092 1
0.179733 1
0.108113 1
2.231985 2
0.000079 8
2.839986 1
0.200265 1
0.307993 1
0.451733 1
0.100168 1
0.159868 1
0.040280 1
0.180200 1
0.119483 1
0.067962 1
0.132390 1
0.280106 1
0.239521 1
0.120070 1
0.620377 10
2.719825 1
0.139740 1
0.208307 1
0.251634 1
0.220302 1
0.128318 1
0.091374 1
0.060136 1
0.340278 1
0.119608 1
0.099981 1
0.220535 1
0.099851 1
0.100262 1
0.079832 1
0.340054 1
0.120109 1
0.159388 1
0.159917 1
0.628107 10
3.812113 1
0.259856 1
0.179924 1
0.188405 1
0.151917 1
0.781102 41
7.338658 1
0.300596 1
0.179287 1
0.120124 1
0.080357 1
0.059972 1
0.187949 1
0.111799 1
0.060381 1
0.119933 1
0.200018 1
0.220048 1
0.128013 1
0.071800 1
0.459789 41
1.940000 1
0.139966 1
7.728117 1
0.000042 1
0.000028 1
0.000048 1
0.000028 1
0.000027 1
0.000026 1
0.000027 1
0.000325 1
0.000029 1
0.000028 1
0.000030 1
0.000029 1
0.000029 1
0.000030 1
0.000029 1
0.000029 1
0.000029 1
0.000031 1
0.000030 1
0.000133 1
0.000033 1
0.000034 1
0.000106 1
0.000033 1
0.000111 1
0.000102 1
0.000032 1
0.000100 1
0.000107 1
0.000034 1
0.000103 1
0.000085 1
0.000035 1
0.000138 1
0.000035 1
0.000091 1
0.000094 1
0.000091 1
0.000037 1
1.769998 41
15.659663 41
0.319768 2
0.000152 39
1.959974 1
0.180476 1
0.279733 1
0.499715 1
0.060332 1
0.039646 1
0.059882 1
0.040010 1
0.060606 1
0.039436 1
0.048381 1
0.051582 1
0.068590 1
0.032108 1
0.059887 1
0.047879 1
0.032186 1
0.059529 1
0.059872 1
0.040507 1
0.060012 1
0.039983 1
0.059488 1
0.040030 1
0.060486 1
0.048040 1
0.059986 1
0.031671 1
0.060239 1
0.048122 1
0.051521 1
0.047925 1
0.052576 1
0.059393 1
0.040012 1
0.040482 1
0.060191 1
0.039388 1
0.460330 41
9.359560 1
0.520660 1
2.659658 1
0.000026 1
0.000018 1
0.000017 1
0.000017 1
0.000016 1
0.000030 1
0.000208 1
0.000029 1
0.000018 1
0.000017 1
0.000016 1
0.000017 1
0.000016 1
0.000030 1
0.000029 1
0.000018 1
0.000017 1
0.000108 1
0.000019 1
0.000017 1
0.000018 1
0.000082 1
0.000020 1
0.000082 1
0.000020 1
0.000018 1
0.000069 1
0.000066 1
0.000019 1
1.459160 41
18.919547 1
0.259954 1
2.729766 1
0.000030 1
0.000017 1
0.000016 1
0.000015 1
0.000016 1
0.000016 1
0.000015 1
0.000016 1
0.000016 1
0.000016 1
0.000016 1
0.000017 1
0.000016 1
0.000017 1
0.000016 1
0.000027 1
0.000018 1
0.000019 1
0.000017 1
0.000017 1
0.000018 1
0.000017 1
0.000018 1
0.000018 1
0.000018 1
0.000018 1
0.000018 1
0.000020 1
0.000033 1
0.000038 1
0.000032 1
0.000041 1
0.000034 1
0.000044 1
0.000033 1
0.000035 1
0.000035 1
0.000034 1
0.000248 1
0.000022 1
0.000020 1
0.000021 1
0.000020 1
0.000021 1
0.000020 1
0.000021 1
0.000020 1
0.000021 1
0.000021 1
0.000085 1
0.000023 1
0.000063 1
0.000075 1
0.000061 1
0.000057 1
0.000066 1
0.000023 1
0.000059 1
0.000057 1
0.000057 1
0.000024 1
0.000057 1
0.000064 3
0.000078 1
0.000049 1
0.000014 1
0.000013 1
0.000049 1
0.000015 1
0.708532 41
9.159906 1
0.380142 1
1.699743 1
0.000038 1
0.000029 1
0.000057 1
0.000028 1
0.000029 1
0.000027 1
0.000037 1
0.000030 1
0.000034 1
5.607910 1
0.379475 1
1.772429 1
0.000043 1
0.000236 1
0.000040 1
0.000028 1
0.000017 1
0.000028 1
0.000018 1
0.000017 1
0.000025 1
0.000024 1
0.000019 1
0.000107 1
0.000019 1
0.000019 1
0.000018 1
0.000072 1
0.000028 1
0.000071 1
0.000057 1
0.000020 1
0.000078 1
0.000074 1
0.000057 1
0.000020 1
0.000061 1
0.000064 1
0.000022 1
0.000055 1
0.000058 1
0.000056 1
0.000034 1
0.000062 1
0.000050 1
1.518090 41
23.299814 1
0.160767 1
0.419236 1
0.160578 1
0.139842 1
0.099946 1
0.099988 1
0.220017 1
0.119773 1
0.107893 1
0.152365 1
0.919694 41
1.140298 41
2.239717 1
0.179891 1
0.300372 1
0.500045 1
0.039704 1
0.060281 1
0.039507 1
0.060460 1
0.039641 1
0.060337 1
0.047748 1
0.052405 1
0.039461 1
0.060068 1
0.040012 1
0.059969 1
0.040328 1
0.068057 1
0.032182 1
0.067916 1
0.032069 1
1.140256 41
1.659232 1
0.139903 1
0.580106 1
0.140295 1
0.347628 1
0.152482 1
0.999432 1
0.140519 1
0.139670 1
0.040418 1
0.219489 1
0.100635 1
0.079882 1
0.107404 1
0.092037 1
0.460076 1
0.100376 1
0.180149 1
0.279977 1
0.119611 1
0.160281 1
0.100110 1
0.179655 1
0.439998 41
0.720510 41
13.739343 1
0.440352 1
1.668154 1
0.000035 1
0.000025 1
0.000039 1
0.000025 1
0.000030 1
0.000025 1
0.000258 1
0.000028 1
0.000033 1
0.000035 1
0.000028 1
0.000026 1
0.000033 1
0.000034 1
0.000032 1
0.000126 1
0.000029 1
0.000031 1
0.000109 1
0.000030 1
0.000096 1
1.410942 41
2.619438 1
0.900296 1
7.760170 1
0.000038 1
0.000201 1
0.000019 1
0.000015 1
0.000016 1
0.000015 1
0.000015 1
0.000016 1
0.000015 1
0.000016 1
0.000016 1
0.000016 1
0.000016 1
0.000016 1
0.000089 1
0.000018 1
1.079168 41
0.920236 41
8.319549 1
0.720015 1
1.608291 17
1.132379 41
11.999338 1
0.368249 1
0.612110 1
0.280180 1
0.099857 1
0.139636 1
0.040027 1
0.140307 1
1.139629 1
0.400121 1
2.760035 4
0.499948 4
0.059828 4
0.040490 4
0.059883 4
0.040091 4
0.059609 4
0.040064 4
0.059808 4
0.040240 4
0.067894 1
0.032538 1
0.069372 1
0.030348 1
0.055705 1
0.043970 1
0.068045 1
0.031974 1
0.060186 1
0.039894 1
0.069349 1
0.030623 1
0.360163 41
1.799856 1
0.160081 1
0.580222 1
0.239706 1
0.108417 1
0.091923 1
0.239971 1
0.127775 1
0.211959 1
0.099956 1
0.140501 1
0.139463 1
0.220043 1
0.079927 1
0.108047 1
0.132397 1
0.319991 1
0.080186 1
0.099767 1
0.859707 1
0.060291 1
0.560113 41
2.339469 1
0.439943 1
1.696166 1
0.000050 1
0.000028 1
0.000046 1
0.000034 1
0.000301 1
0.000027 1
0.000025 1
0.000026 1
0.000034 1
0.000026 1
0.000027 1
0.000027 1
0.000026 1
3.643318 2
0.000152 39
0.980299 41
6.559853 1
0.379643 1
1.648393 1
0.000023 1
0.000018 1
0.000025 1
0.000036 1
0.000204 1
0.000018 1
0.000017 1
0.000016 1
0.000017 1
0.000016 1
0.000016 1
0.000017 1
0.000017 1
0.811645 2
0.000160 39
10.419437 1
0.539904 1
2.228049 1
0.000024 1
0.000016 1
0.000015 1
0.000024 1
0.000016 1
0.000201 1
0.000022 1
0.000017 1
0.000016 1
0.000016 1
0.000016 1
0.000016 1
0.000017 1
0.000029 1
1.011574 41
9.900357 1
0.680005 1
1.639647 1
0.000049 1
0.000056 1
0.000205 1
0.000018 1
0.000016 1
0.000016 1
0.000016 1
0.000050 1
0.000018 1
0.000022 1
0.000017 1
0.000090 1
0.000018 1
0.000017 1
0.000068 1
0.000022 1
0.000083 1
0.000029 1
0.000070 1
0.000018 1
0.000074 1
0.000099 1
0.000034 1
0.000074 1
1.118834 41
23.580431 41
1.239815 1
0.420096 1
2.108164 1
0.000038 1
0.000034 1
0.000028 1
0.000020 1
0.000016 1
0.000017 1
0.000016 1
0.000016 1
0.000016 1
0.000026 1
0.000019 1
0.000021 1
0.000028 1
0.000021 1
0.000018 1
0.000024 1
0.000018 1
0.000018 1
0.000018 1
0.000017 1
0.000017 1
0.000030 1
0.000020 1
0.000017 1
0.000018 1
0.000019 1
0.000018 1
0.000030 1
0.000021 1
0.000018 1
0.000019 1
0.000019 1
0.000019 1
0.000019 1
0.000019 1
0.000019 1
0.000257 1
0.000023 1
0.000020 1
0.000020 1
0.000020 1
0.000020 1
0.000020 1
0.000021 1
0.000020 1
0.000021 1
0.000020 1
0.000035 1
0.000128 1
0.000022 1
0.000022 1
0.000099 1
0.000023 1
0.000073 1
0.970372 41
7.159880 1
0.419465 1
2.068060 1
0.000041 1
0.000026 1
0.000037 1
0.000027 1
0.000057 1
0.000236 1
0.000029 1
0.000034 1
0.000030 1
0.000027 1
0.000027 1
0.000029 1
0.000027 1
0.000029 1
0.000110 1
0.000030 1
0.000095 1
0.000035 1
0.811259 41
11.959792 1
0.440029 1
1.608124 1
0.000037 1
0.000036 1
0.000038 1
0.000029 1
0.000283 1
0.000055 1
0.000028 1
0.000035 1
0.000034 1
0.000028 1
0.000027 1
0.000028 1
0.000028 1
0.000115 1
0.000030 1
0.000095 1
1.071148 41
17.579850 1
0.440342 1
1.748217 1
0.000025 1
0.000027 1
0.000017 1
0.000015 1
0.000030 1
0.000019 1
0.000033 1
0.000017 1
0.000016 1
0.000016 1
0.000234 1
0.000032 1
0.000030 1
0.000030 1
0.000030 1
0.000033 1
0.000030 1
0.000124 1
0.000020 1
0.000018 1
0.000075 1
0.000030 1
0.000058 1
0.000019 1
0.000054 1
0.000066 1
0.000019 1
1.210741 41
8.959961 1
0.679615 1
1.827979 1
0.000035 1
0.000018 1
0.000016 1
0.000033 1
0.000016 1
0.000194 1
0.000018 1
0.000016 1
0.000016 1
0.000020 1
0.000018 1
0.000024 1
0.000026 1
0.000033 1
0.000031 1
0.000031 1
0.000102 1
0.000021 1
0.000017 1
0.000071 1
0.000018 1
0.000066 1
0.000032 1
0.000068 1
0.000056 1
0.000068 1
0.000019 1
0.000055 1
0.000019 1
0.000065 1
3.311411 41
6.839436 1
0.420473 1
2.107969 1
0.000044 1
0.000197 1
0.000084 1
0.000020 1
0.000016 1
0.000016 1
0.000016 1
0.000028 1
0.000017 1
0.000016 1
0.000017 1
0.000016 1
1.111449 2
0.000228 39
12.199509 41
1.308237 1
0.292219 1
1.987740 1
0.000038 1
0.000026 1
0.000069 1
0.000022 1
0.000017 1
0.000172 1
0.000077 1
0.000020 1
0.000017 1
0.000016 1
0.000016 1
0.000017 1
0.000016 1
0.000017 1
0.000017 1
0.000017 1
0.000017 1
0.000105 1
0.000021 1
0.000059 1
0.000019 1
0.000052 1
0.000019 1
0.000066 1
0.000019 1
0.000053 1
0.530881 41
2.180356 41
1.163385 1
0.196168 1
0.619851 1
0.319934 1
0.500050 1
0.040576 1
0.080030 1
0.019698 1
0.060176 1
0.041534 1
0.058590 1
0.067430 1
0.052375 1
0.019627 1
0.040107 1
0.060265 1
0.060056 1
0.039854 1
0.060157 1
0.039538 1
0.039904 1
0.068453 1
0.052070 1
0.040016 1
0.039566 1
0.060587 1
0.047805 1
0.052060 1
0.059976 1
0.048040 1
0.051938 1
0.460144 41
1.859866 1
0.160040 1
0.347951 1
0.132010 1
0.119987 1
0.100033 1
0.199926 1
0.179927 1
0.160037 1
0.560118 1
1.120180 1
0.379782 1
0.980111 41
3.779951 1
0.347944 1
0.132027 1
0.160013 1
0.500561 8
