0.027983 23
4.793982 1
0.244768 1
0.639856 1
0.119204 2
0.000133 13
0.000016 2
0.000094 23
1.139962 1
0.098540 1
0.203276 1
0.398823 1
0.179641 1
0.180611 1
0.059825 1
0.344338 13
0.883851 41
0.851310 1
0.160572 1
0.240283 2
0.002619 82
0.000224 2
0.000107 62
0.000111 2
0.000334 39
3.136335 1
0.579859 1
3.420104 1
0.220071 1
0.159770 1
0.109755 1
0.048424 1
0.181882 1
0.806187 4
0.194930 4
0.158461 4
0.240792 4
1.079646 1
0.189498 1
0.110508 1
0.220278 1
0.479750 1
0.159961 1
0.160370 1
0.139734 1
0.169847 1
0.149955 1
0.100075 1
0.309493 1
0.190663 1
0.220088 1
0.159730 1
0.159947 1
0.128039 1
0.192107 1
2.797330 1
0.082570 1
0.159927 1
0.119827 1
0.189765 1
0.150562 1
0.099906 1
0.999979 4
0.199525 4
0.160123 4
0.179936 4
0.159963 4
0.180569 4
0.169981 4
0.909972 1
0.140006 1
0.107836 1
0.092331 1
0.119461 1
0.150313 1
0.150133 1
0.339340 1
0.340779 1
0.181080 1
1.958872 1
0.259793 1
0.220144 1
0.237396 1
0.222786 1
0.099937 1
0.149892 1
0.870019 1
0.659821 1
0.199682 1
0.139916 1
0.610959 4
0.189473 4
0.180273 4
0.599481 1
0.200494 1
0.129344 1
0.110592 1
0.159482 1
0.110574 1
0.149641 1
0.140325 1
0.150061 1
1.269668 1
1.880244 2
0.000159 39
1.619710 1
0.260088 1
0.239778 1
0.123568 1
0.136501 1
0.109987 1
0.170193 1
0.079512 1
0.101512 1
0.218789 1
0.260023 1
0.140290 1
0.119948 1
0.059896 1
0.080173 1
1.449647 1
0.130125 1
0.260110 1
0.099853 1
0.139944 1
0.220113 1
0.140000 1
0.059996 1
0.249387 1
0.090616 1
0.160070 1
0.727844 1
0.652061 1
1.000800 41
437.699346 1
0.180114 1
0.239748 1
0.100132 1
0.159864 1
0.180002 1
0.040103 1
0.139976 1
0.099985 1
0.139949 1
0.107990 1
0.192277 1
0.219808 1
0.200040 1
0.099977 1
0.040016 1
0.240026 1
0.199940 1
0.107870 1
0.071982 1
0.108356 1
0.240968 1
0.150900 1
0.139813 1
0.140074 1
0.067938 1
0.240183 1
0.115720 1
0.116089 1
0.220197 1
0.119728 1
0.104093 1
0.116262 1
0.099900 1
3.200120 41
2.215593 1
0.444028 1
8.100038 1
0.000056 1
0.000074 1
0.000073 1
0.000362 1
0.000055 1
0.000082 1
0.000035 1
0.000034 1
0.000035 1
0.000036 1
1.359266 2
0.000180 39
8.879663 1
0.960000 1
0.040044 1
1.860333 4
1.807737 1
0.000079 1
0.000219 1
0.000024 1
0.000030 1
0.000021 1
0.000037 1
0.000022 1
0.000106 1
0.000018 1
0.000120 1
0.000081 1
0.000022 1
0.000075 1
0.000060 1
0.000018 1
0.000067 1
0.000093 1
0.000029 1
0.000054 1
0.000020 1
0.000080 1
0.000055 1
1.370819 41
1.760073 1
0.539734 1
8.580298 1
0.000061 1
0.000046 1
0.000047 1
0.000064 1
0.000037 1
0.000029 1
0.000057 1
0.000366 1
0.000032 1
0.000039 1
0.000029 1
0.000029 1
0.000027 1
0.000029 1
0.000028 1
0.000029 1
0.000028 1
0.000033 1
0.000030 1
0.000171 1
0.000031 1
0.000034 1
0.000153 1
2.397913 41
8.000328 1
0.479988 1
3.000275 1
0.000027 1
0.000016 1
0.000026 1
0.000015 1
0.000016 1
0.000016 1
0.000242 1
0.000046 1
0.000020 1
0.000023 1
0.000018 1
0.000022 1
0.000018 1
0.000026 1
0.000030 1
0.000021 1
0.000087 1
0.000021 1
0.000017 1
0.000066 1
0.000019 1
0.000072 1
0.000066 1
0.000021 1
2.019015 41
10.539847 1
0.700067 1
1.959903 3
0.000021 1
0.000015 1
0.000025 1
0.000027 1
0.000026 1
0.000016 1
0.000016 1
0.000016 1
0.000016 1
0.000029 1
0.000221 1
0.000018 1
0.000018 1
0.000017 1
0.000018 1
0.000019 1
0.000018 1
0.000029 1
0.000054 1
0.000034 1
0.000094 1
0.000020 1
0.000066 1
0.000029 1
0.000081 1
0.000020 1
0.000060 1
0.000108 1
0.000066 1
0.000083 1
0.000058 1
0.000053 1
0.000051 1
0.000020 1
0.000052 1
0.000053 1
0.000084 1
0.000060 1
0.000052 1
0.000052 1
0.000022 1
0.000052 1
0.000052 1
0.000052 1
0.000052 1
0.000064 1
0.000053 1
0.000052 1
0.000063 1
0.000065 1
0.000074 1
0.000022 1
0.000065 1
0.000054 1
0.000066 1
0.000085 1
0.000053 1
0.000091 1
0.000079 1
0.000069 1
0.000071 3
0.000064 1
0.000049 1
0.000043 1
0.000023 1
0.000056 1
0.000055 1
0.000015 1
0.000015 1
0.000048 1
0.000015 1
0.000047 1
0.000024 1
0.000050 1
0.000052 1
0.000028 1
0.000051 1
0.000048 1
0.000016 1
0.000048 1
0.000017 1
0.000047 1
0.000078 1
2.256365 41
7.159646 1
0.160107 1
0.359841 1
0.180014 1
0.128237 1
0.091826 1
0.060045 1
0.179918 1
0.112036 1
0.088831 1
0.107346 1
0.071965 1
0.459946 1
0.120004 1
0.219857 1
0.040149 1
0.760037 1
0.687851 1
0.136534 1
0.115707 1
0.087808 1
0.132057 1
0.120210 1
0.099890 1
0.119851 1
0.140063 1
0.359777 1
0.080149 1
0.180404 1
0.079682 1
0.140152 1
0.099646 1
0.140416 1
0.139858 1
0.868267 41
1.351764 1
0.139722 1
0.509158 2
0.001324 82
0.000337 2
0.000165 62
0.000189 2
0.000673 39
4.728367 1
0.140031 1
0.276054 1
0.203865 1
0.083805 1
0.096127 1
0.123873 1
0.155942 1
0.140298 1
0.239809 1
0.219880 1
0.156355 1
0.103804 1
0.400073 1
0.215938 1
0.124008 1
0.299960 1
0.120168 1
0.088047 1
0.111936 1
0.196157 1
1.751933 1
0.171884 1
0.160465 1
0.099259 1
0.180248 1
0.068022 1
0.259907 1
0.111969 1
0.128343 1
0.111810 1
1.440063 1
0.700056 1
0.139855 1
0.180055 1
0.828268 41
3.391737 1
0.359849 1
0.260065 1
0.404114 1
0.137034 4
1.626719 1
0.180462 1
0.135516 1
0.116267 1
0.199778 1
0.108125 1
0.255023 1
1.617030 1
0.307382 7
1.252571 4
0.260257 4
0.179632 4
0.208214 4
1.431974 1
0.759841 1
3.939957 4
0.260178 4
0.180146 4
0.179674 4
0.180420 4
0.179792 4
1.039807 1
0.340003 1
0.384275 1
0.000459 2
1.399360 1
0.336077 1
0.187945 1
0.324042 1
1.608484 2
0.011629 41
0.000307 2
0.000225 30
0.000120 2
0.001500 8
3.445592 1
0.140235 1
0.239748 1
0.499983 1
0.140182 1
0.100023 1
0.080044 1
0.219772 1
0.160367 1
0.119712 1
0.100049 1
0.227891 1
0.252092 1
0.239858 1
0.120076 1
0.099972 1
0.160020 1
0.240073 1
0.100230 1
0.139716 1
0.200102 1
0.759883 1
0.819988 1
0.379971 1
0.119915 1
0.200215 1
0.259759 1
0.120162 1
0.140062 1
0.139921 1
0.307863 1
0.192084 1
0.140212 1
0.119957 1
0.179913 1
0.220076 1
0.360148 1
0.099944 1
0.120130 1
0.099667 1
0.180152 1
0.219904 1
0.240116 1
0.220210 1
0.119592 1
0.180136 1
0.899995 1
0.280146 1
0.779742 2
0.000102 8
7.480084 1
0.199756 1
0.180287 1
0.579784 1
0.220009 1
0.180094 1
1.159910 4
0.500071 4
0.041634 4
0.058545 4
0.040026 4
0.059791 4
0.039977 1
0.068228 1
0.031856 1
0.039865 1
0.060164 1
0.039941 1
0.067874 1
0.052005 1
0.056138 1
1.061173 1
0.146790 1
0.203892 1
0.240173 1
0.131921 1
0.179929 1
0.860003 1
0.100121 1
0.139747 1
0.188406 1
0.251730 1
0.089321 1
0.070574 1
0.160297 1
0.108015 1
0.059863 1
0.139907 1
0.091971 1
0.220129 1
0.248020 1
0.092082 1
0.119760 1
0.300072 1
0.140093 1
0.060070 1
0.087826 1
0.152209 1
0.639965 1
0.179746 1
0.128353 1
0.131925 1
0.220030 1
0.211962 1
1.104060 2
0.000133 8
1.368091 1
0.078410 1
0.117376 1
0.064690 1
0.183042 1
0.128006 1
1.104003 2
0.004678 8
2.715432 1
0.159784 1
0.200203 1
0.699824 1
0.240173 1
0.139860 1
0.180225 1
0.199971 1
0.108114 1
0.091885 1
0.079815 1
0.219927 1
0.240104 1
0.099931 1
0.120179 1
0.067847 1
1.219926 1
0.124031 1
0.088245 1
0.099853 1
0.208156 1
0.172033 1
0.099767 1
0.400267 1
0.159884 1
0.459880 1
0.103985 1
0.095894 1
0.159992 1
0.120230 1
0.157159 1
0.522928 1
0.219811 1
0.160103 1
0.079837 1
0.252044 1
0.208051 1
0.308073 1
0.091767 1
0.160300 1
0.147791 1
0.160080 1
0.732115 4
0.199804 1
0.139939 1
0.140098 1
0.039979 1
1.039975 4
0.164211 4
1.516031 1
0.279946 1
0.099894 1
0.140336 1
0.127826 1
1.743775 1
0.168036 1
0.219973 1
0.067910 1
0.112184 1
0.179848 1
0.040241 1
0.159932 1
0.289136 1
0.130915 1
0.107844 1
0.172127 1
0.899827 4
0.219936 4
0.180109 4
0.799987 1
0.180015 1
0.127931 1
0.112378 1
0.427742 1
0.152119 1
0.099927 1
0.119978 1
0.140329 1
0.219675 1
0.119863 1
0.100060 1
0.100016 1
0.140093 1
2.739788 1
0.140111 1
0.340209 1
0.099780 1
0.980318 1
0.239799 1
0.188030 1
0.912159 1
0.279684 1
0.139999 1
0.219993 1
1.040033 10
2.419900 1
0.200174 1
0.307954 1
0.872094 1
0.100089 1
0.139918 1
0.119867 1
0.160196 1
0.147893 1
0.659858 1
0.112118 1
0.079925 1
0.244119 1
0.128119 1
0.075782 1
0.100173 1
0.199855 1
0.451952 1
0.060208 1
0.159925 1
0.113223 1
0.186618 1
0.160024 1
0.104106 1
0.015837 1
0.105173 1
1.014787 4
0.220270 4
0.179981 4
1.299864 1
0.100026 1
0.360089 1
0.580279 4
0.239752 1
0.219830 1
0.108159 1
0.172011 1
0.139969 1
0.799934 2
0.000063 8
9.120080 1
0.700030 1
0.119952 1
0.340085 1
0.289846 1
0.069829 1
0.250290 1
1.709926 1
0.259788 1
0.179965 1
0.230067 1
0.149923 1
0.880409 1
0.619695 1
0.620091 1
0.100034 1
0.700942 1
0.099308 1
0.239781 1
0.160038 1
0.099900 1
0.139884 1
0.748116 1
0.112007 1
0.099998 1
0.239935 1
0.619917 1
0.440170 1
0.759834 1
0.820048 10
2.340031 1
0.126151 1
0.993946 1
0.920130 1
0.099834 1
0.189869 1
0.053151 1
0.217042 1
0.159987 1
0.099954 1
0.140068 1
1.610075 1
0.249565 1
0.200330 1
0.100071 1
0.757834 1
0.662123 1
0.490791 1
1.729040 1
0.811209 4
0.238992 4
0.147949 4
0.191987 4
0.169953 4
0.180039 4
0.210077 4
1.309990 1
0.179785 1
0.118090 1
1.101905 1
0.400021 1
0.679907 1
0.820323 1
0.419861 1
0.119735 1
0.140156 1
0.200094 1
0.080074 1
0.139855 1
0.199923 1
0.960069 1
0.379931 1
0.120259 1
0.187915 1
0.112013 1
0.599883 1
0.139970 1
0.120164 1
0.219947 1
0.900477 1
0.259763 1
0.279886 1
0.139887 1
0.760078 1
0.507990 10
2.891978 1
0.099736 1
0.160372 1
0.099719 1
0.460283 1
0.499888 1
0.199796 1
0.630056 4
0.190307 4
0.719712 1
0.330192 1
0.169932 1
0.379849 1
0.220196 1
0.240900 1
0.198939 1
1.540070 1
0.579924 1
0.240181 1
1.819771 1
0.380025 1
0.820331 1
0.659749 1
0.988201 2
0.002861 8
2.868870 1
0.180118 1
0.219901 1
0.267946 1
0.212050 1
0.120049 1
0.100499 1
0.059378 1
0.220245 1
0.100925 1
0.038986 1
0.120203 1
0.119615 1
0.280051 1
0.060163 1
0.159876 1
0.059929 1
0.249965 1
0.210045 1
0.280060 1
0.140084 1
0.960079 10
1.160365 1
0.199682 1
0.139763 1
0.040090 1
1.000039 1
0.100902 1
0.499279 14
0.000204 2
0.000142 8
2.619327 1
0.220021 1
0.279976 1
0.480024 1
0.239972 1
0.160113 1
0.259914 1
0.099998 1
0.180004 1
1.000114 1
0.159727 1
0.190172 1
0.230121 1
0.480172 1
0.329836 1
0.129863 1
0.080197 1
1.559925 1
0.629826 1
0.110140 1
0.139755 1
0.200143 1
1.218171 10
2.261810 1
0.386504 1
0.133594 1
0.780094 1
0.279923 1
0.119920 1
0.190206 1
1.529823 1
0.279969 1
0.140286 1
0.297679 1
0.102254 1
0.179782 1
1.320141 1
0.339941 1
0.100017 1
0.188076 1
0.231785 1
0.360187 1
1.120079 1
0.559858 1
0.840037 10
2.008059 1
0.092126 1
0.379930 1
1.199797 1
0.220265 1
0.099760 1
1.340020 1
0.419855 1
1.760232 1
13.159914 1
2.940034 1
0.120169 1
0.159683 1
1.000382 1
0.079654 1
0.159975 1
0.248277 1
0.275956 1
1.256118 1
0.139808 1
0.176233 1
0.123822 1
0.260064 1
0.179728 1
0.100188 1
0.080057 1
0.499879 1
0.240089 1
0.259792 1
0.140289 1
0.479721 1
1.220366 10
1.739719 1
0.119901 1
0.120032 1
0.108095 1
0.412066 4
0.228215 4
0.159978 4
0.251773 4
0.715701 1
0.144189 1
0.099917 1
0.100104 1
0.148166 1
1.091874 1
0.340106 1
0.199997 1
0.459724 1
0.840159 1
0.079942 1
0.160070 1
1.580350 1
0.755626 1
0.364010 1
1.360061 1
0.968336 1
0.571671 2
0.000109 8
0.919993 1
0.099754 1
0.100094 1
0.260046 1
0.140225 1
0.899617 1
0.680192 1
0.099901 1
0.320206 1
0.208393 1
0.851561 1
0.799853 10
0.969484 1
0.090684 1
0.739930 1
0.459785 1
0.100263 1
0.180016 1
0.099822 1
0.219951 1
0.159896 1
0.148205 1
0.071870 1
1.540114 1
0.279987 1
0.179904 1
0.099996 1
0.500110 1
0.420009 1
0.540246 1
9.119849 1
0.900129 2
0.000131 8
1.459526 1
1.116132 1
0.263937 1
0.060250 1
0.779844 1
0.259934 1
0.959829 1
0.460250 1
0.359754 1
0.260079 1
0.139952 1
1.060209 1
0.699696 1
0.160231 1
0.740042 1
0.400255 1
0.139875 1
0.139947 1
0.139971 1
0.439790 1
1.008589 1
0.000076 1
0.000044 1
0.491241 1
0.321148 1
0.579146 1
0.127839 1
1.532122 1
0.180197 1
0.179619 1
0.120027 1
0.180105 1
0.259796 1
0.280098 1
1.099891 1
0.180098 1
2.060448 1
0.139562 1
0.188223 1
0.091669 1
0.207674 1
0.092502 1
0.119919 1
0.139953 1
1.260048 1
0.120350 1
0.139866 1
0.219752 1
1.140214 1
1.301552 1
0.097803 1
0.940813 1
3.879884 1
0.479649 1
1.060129 1
0.947943 2
0.002398 8
3.109746 1
0.179895 1
0.239888 1
0.576039 1
0.204152 1
0.116398 1
0.107674 1
0.063953 1
0.172069 1
0.119809 1
0.388528 1
0.000033 1
0.000023 1
2.931389 1
0.100256 1
0.100073 1
0.079823 1
0.188057 1
0.171902 1
0.228276 1
0.119781 1
0.392081 10
1.599815 1
0.196314 1
0.083797 1
0.119975 1
0.160021 1
0.092053 1
0.328193 38
6.061803 1
0.145792 1
1.192209 1
1.238375 1
0.000063 1
0.000037 1
0.000027 1
0.000025 1
0.000026 1
0.021247 1
0.181166 1
0.232996 1
0.135943 1
0.080621 1
1.059389 1
0.060326 1
0.129637 1
1.220217 1
0.000042 1
0.000024 1
3.879993 1
0.110902 1
0.088925 1
0.220761 1
0.238621 1
0.400616 1
0.127982 1
0.060352 1
0.231135 1
0.068691 1
0.395766 1
0.000043 1
0.008102 1
0.348137 1
0.159613 1
0.180102 1
0.939997 1
0.108031 1
0.159779 1
0.132454 1
0.099948 1
0.119915 1
1.819823 1
0.119944 1
0.099973 1
0.734250 1
0.105432 1
0.100332 1
0.120307 1
0.159695 1
0.120225 1
0.135550 1
0.112162 1
0.131748 1
0.260499 1
0.067877 1
0.191939 1
1.240329 1
0.019734 4
0.240021 4
0.204324 4
0.191823 4
0.319884 4
0.839914 4
1.404378 1
0.267824 1
0.131818 1
0.107954 1
0.232180 1
1.019846 1
1.460014 1
0.160378 1
0.155812 1
0.264002 1
0.200047 1
0.107807 1
0.071957 1
0.080267 1
0.279945 1
0.079919 1
0.200152 1
0.107663 1
0.131950 1
0.368208 1
0.091892 1
0.100313 1
0.087783 1
0.252054 1
0.179848 1
0.180160 1
0.139832 1
0.119956 1
0.140263 1
0.095784 1
0.139867 1
0.504149 1
0.180007 1
0.120146 1
0.387793 1
0.172271 1
0.100194 1
0.159557 1
0.108145 1
0.132338 1
0.099675 1
0.240017 1
0.100106 1
0.139838 1
0.180386 3
1.939857 318
0.000135 10
1.479894 1
0.199789 1
0.079836 1
0.120014 1
0.108197 1
0.232040 1
0.099704 1
1.060018 1
0.160145 1
0.080016 1
0.120165 1
0.159827 1
1.820234 1
0.159773 1
0.120075 1
0.307749 1
0.371999 1
1.280189 1
11.299873 1
0.119981 1
0.308087 1
1.112267 1
0.279651 1
0.139851 1
0.100252 1
0.120011 1
0.300254 1
0.219717 1
0.236082 1
0.104027 1
0.099799 1
0.225132 1
0.155019 1
0.709944 1
0.130017 1
0.259969 1
0.100046 1
0.919870 1
0.258120 1
0.149599 1
0.148552 1
0.103875 1
0.220030 1
0.099984 1
0.119905 1
0.119945 1
1.500235 1
0.179864 1
0.300053 1
0.319892 1
0.099925 1
0.200177 1
0.107885 1
0.312157 1
0.160206 1
1.119537 1
1.180237 1
0.440136 1
0.399974 1
1.699872 1
0.939807 1
0.240151 1
0.180121 1
0.079735 1
0.568109 1
0.400068 1
0.215437 1
0.176357 1
0.068265 1
0.291740 1
0.136013 1
0.924209 1
1.447929 1
0.315959 1
6.285085 1
0.446990 1
1.343825 1
0.300326 1
0.079890 1
0.917985 1
0.327845 1
0.174399 1
0.309579 1
1.770049 4
0.799934 1
0.240064 1
1.520155 1
5.239746 1
1.120216 1
0.648122 2
0.002525 8
16.389375 1
0.179870 1
0.200231 1
0.819682 1
0.720285 1
0.159892 1
0.128080 1
0.111720 1
0.180135 1
0.099965 1
0.080172 1
0.127814 1
0.231967 1
0.140218 1
0.559734 1
0.220183 1
0.819880 1
0.880243 1
0.619961 1
0.327716 1
0.232253 10
1.459936 1
0.240163 1
0.139737 1
0.080051 1
0.340049 1
0.299937 1
0.140133 1
0.719794 1
0.140227 1
0.199992 1
0.199956 1
0.107988 1
0.192052 1
0.127762 1
0.952046 1
0.060075 1
0.200038 1
0.200179 1
0.679678 1
0.360225 2
0.000223 23
0.000018 2
0.000079 8
7.719410 1
0.220111 1
0.159917 1
0.100177 1
0.320026 1
0.279986 1
0.139744 1
0.640302 1
0.099774 1
0.128028 1
0.272294 1
0.099867 1
0.580034 4
0.199847 4
0.179958 4
0.180225 4
0.179866 4
0.180143 4
0.887847 1
0.292072 1
0.179728 1
0.140192 1
0.280109 1
0.107947 1
0.232161 1
0.899839 1
0.219857 1
0.100274 1
0.220104 1
0.127809 1
1.520010 1
0.092179 1
0.139924 1
0.179830 1
0.659910 1
0.320484 30
0.000025 2
0.000058 8
32.159795 23
0.819685 1
0.288173 1
0.171907 1
0.179877 1
0.200133 1
0.160067 1
0.179857 1
0.167909 1
0.192236 1
0.179890 1
0.200109 1
1.428048 5
3.731870 5
0.160235 5
1.360044 5
1.139801 3
0.000392 2
0.000142 8
8.179333 1
0.159917 1
0.200297 1
0.999771 1
0.180211 1
0.059705 1
0.120058 1
0.059959 1
0.180010 1
0.120149 1
0.087803 1
0.052159 1
0.119866 1
0.320256 1
0.367986 1
0.192084 1
0.139723 1
0.175966 1
0.103903 1
0.140338 1
0.839899 1
0.240010 1
0.099981 1
0.079973 1
0.160216 1
0.147861 1
0.091774 1
0.100089 1
0.079986 1
0.260237 1
0.957891 1
0.161756 1
0.140206 1
0.279864 1
0.540004 1
0.210067 1
0.131104 1
0.098982 1
0.079836 1
0.140004 1
0.120394 1
0.159959 1
0.099737 1
0.140079 1
0.439870 10
2.440257 1
0.199930 1
0.297831 1
0.111829 1
0.930355 1
0.179841 1
0.060009 1
0.139852 1
1.180289 1
0.139763 1
0.100135 1
0.259927 1
0.660152 1
0.400773 10
2.250047 13
0.689175 4
0.540180 23
0.000488 2
0.000018 31
0.000011 2
0.000009 17
0.000008 2
0.000018 11
0.000017 2
0.000008 19
0.000018 2
0.000015 55
0.000229 2
0.000075 8
30.828650 1
0.110047 1
0.199982 1
0.880275 1
0.239839 1
0.140114 1
0.079875 1
1.099831 1
0.000023 4
0.000015 4
0.080026 4
0.179960 4
0.200239 4
1.419942 4
0.819803 1
0.140161 1
0.139874 1
0.140061 1
0.119955 1
0.139957 1
1.820069 1
0.100084 1
0.100073 1
0.109824 1
0.190043 1
0.120162 1
0.099702 1
0.140050 1
0.740073 1
0.080012 1
0.140029 1
0.220049 1
1.880637 1
1.179237 4
0.650207 31
0.000266 2
0.000093 40
0.000010 2
0.000012 19
0.000008 2
0.000061 8
5.129347 1
0.180006 1
0.200342 1
0.659942 1
0.119844 1
0.099941 1
0.060244 1
0.079662 1
0.100076 1
0.100140 1
0.479858 1
0.140147 1
0.080041 1
0.099718 1
0.120390 1
0.099645 1
0.318004 1
0.142209 1
0.177744 1
0.122336 1
0.219912 1
0.140026 1
0.179933 1
1.039822 1
0.220019 1
1.520164 1
0.279837 1
0.240210 1
1.120034 10
1.279965 1
0.200083 1
0.119814 1
0.123675 1
0.056473 1
1.660107 4
0.199806 4
0.184051 4
0.195743 4
0.196124 4
0.157878 1
0.186007 1
14.640035 1
0.180217 1
0.228121 1
0.481327 1
0.230367 1
0.088083 1
0.091774 1
0.080074 1
0.188047 1
0.071950 1
0.140035 1
0.740209 4
0.199997 4
0.159793 4
0.659884 1
0.140095 1
0.100209 1
0.079963 1
0.119926 1
0.099935 1
0.119912 1
0.128221 1
0.272083 1
0.939824 4
0.280186 1
0.179906 1
0.099787 1
0.128255 1
0.112796 1
0.058944 1
0.120586 1
0.139608 1
0.087926 1
0.951891 1
0.120310 1
0.099773 1
0.208226 1
0.444059 10
1.047847 1
0.220130 1
0.079790 1
0.179951 1
0.120463 1
0.959777 1
0.279795 1
0.119911 1
0.240298 1
0.079758 1
0.219906 1
0.560032 1
0.120183 1
0.099892 1
0.263871 1
1.220482 1
0.815773 2
0.002523 8
10.877386 1
0.199999 1
0.300027 1
1.739976 1
0.260005 1
0.579919 1
0.136164 1
0.171978 1
0.291965 1
0.200066 1
0.119887 1
0.059828 1
0.080136 1
0.219916 1
0.220005 1
0.080195 1
0.139980 1
0.100012 1
0.719813 10
3.900210 1
0.308069 1
0.051710 1
0.380187 1
0.219876 1
0.100114 1
0.140095 1
1.539809 1
0.180036 1
0.180172 1
0.216166 1
0.099579 1
0.104274 1
0.699978 1
1.420108 1
0.099952 1
0.139857 1
0.303860 1
0.316161 1
0.199924 1
0.780106 1
0.740329 10
1.879595 1
0.119881 1
1.500024 1
0.340280 1
0.168966 1
0.070986 1
0.219738 1
0.600024 4
0.980204 1
0.559999 1
0.579968 1
1.199352 1
0.640488 1
0.119998 1
0.099882 1
0.180082 1
0.109057 1
0.191252 1
0.099923 1
0.119839 1
0.319979 1
0.076188 1
0.183813 1
0.100086 1
0.680110 1
0.159202 1
0.140713 1
0.059970 1
0.919280 1
0.220622 1
0.339676 1
0.168244 1
0.691960 1
0.420124 10
1.700111 1
0.100176 1
0.139832 1
0.119927 1
0.148074 1
0.791853 1
0.240186 1
0.139852 1
0.380125 1
0.119900 1
0.140098 1
0.195816 1
0.144088 1
1.659445 4
1.400483 1
1.717516 1
0.402663 1
0.619880 1
1.500142 1
0.440075 10
0.839963 1
0.107947 1
0.092259 1
0.239572 1
0.100437 1
0.159634 1
0.379972 1
0.160019 1
0.759935 1
0.180346 1
0.887175 1
0.672778 2
0.000163 8
1.959569 1
0.119947 1
0.860136 1
0.279972 1
0.119966 1
0.187934 1
0.072119 1
0.228121 1
0.111823 1
0.120193 1
0.127667 1
1.432171 1
0.680283 1
0.179794 1
0.136019 1
0.624126 1
0.419711 1
0.560215 1
0.859919 1
0.847438 10
1.540646 1
0.091881 1
0.220045 1
0.072326 1
0.327748 1
0.371885 1
0.160832 1
0.627057 1
1.168279 1
0.143933 1
0.187950 1
0.979999 1
1.039815 4
1.140043 1
0.561632 1
0.302289 1
0.175877 1
0.580304 1
0.607885 1
0.131915 1
0.100053 1
0.108086 1
0.192132 1
0.120053 1
0.119726 1
0.108093 1
0.971949 1
0.799980 1
0.340302 1
0.080012 1
0.319774 1
0.159936 1
0.179918 1
0.100101 1
0.180040 1
0.298046 1
0.241984 1
0.559884 1
0.200004 1
1.259957 1
0.100217 1
0.699981 1
0.130197 1
0.189823 1
0.140007 1
0.099863 1
0.139664 1
0.668568 1
0.091858 1
0.140170 1
0.179712 1
1.240288 1
0.319896 1
0.140021 1
1.039904 1
0.639987 4
0.540209 1
0.519675 1
0.119948 1
0.140181 1
0.099785 1
0.180335 1
0.080059 1
0.159660 1
0.148280 1
1.411942 1
0.779780 1
0.867604 4
0.212472 1
0.556061 1
0.164175 1
1.400008 4
0.519917 1
0.128303 1
1.572057 1
0.159626 1
0.199847 1
0.279918 1
0.180202 1
0.139816 1
0.900135 1
0.159888 1
0.218037 1
0.201458 1
0.110488 1
0.070036 1
0.188634 1
0.071476 1
0.180009 1
0.239753 1
0.116316 1
0.143871 1
0.100234 1
0.125834 1
1.793924 1
0.180323 1
0.207771 1
0.072113 1
0.139770 1
0.200132 1
0.099927 1
0.180193 1
0.130004 1
0.069896 1
1.819865 2
0.002627 8
4.397343 1
0.160044 1
0.196003 1
0.424099 1
0.159813 1
0.180156 1
0.099886 1
0.119988 1
0.188154 1
0.172209 1
0.127596 1
0.052054 1
0.100160 1
0.260012 1
0.100104 1
0.119938 1
0.099841 1
0.207893 1
0.172250 1
0.259751 1
0.219975 1
0.140157 1
0.120038 1
0.119738 1
0.128165 1
0.112160 1
0.219706 1
0.100160 1
0.159872 1
0.080040 1
0.384338 10
0.835952 30
0.619648 121
0.640229 47
0.579913 40
0.479997 42
0.419924 56
0.380258 51
0.399745 47
0.780124 45
0.959926 54
0.820159 63
1.039991 49
0.739821 20
0.779940 1
0.900313 69
1.469282 57
1.506633 52
0.623899 44
0.739996 45
1.399597 112
1.760388 2
0.003207 8
4.156772 1
0.160098 1
0.200039 1
0.307429 1
0.132309 1
0.318279 1
0.121684 1
0.259727 1
0.140358 1
0.540148 1
0.140051 1
0.179914 1
0.099609 1
0.039856 1
0.278354 1
0.082121 1
0.120368 1
0.109102 1
0.250572 1
0.099978 1
0.219978 1
0.079983 1
0.179516 1
0.020417 1
0.744938 10
1.654617 1
0.180114 1
0.200463 1
0.380001 1
0.939918 4
0.380667 1
0.159479 1
0.060010 1
0.119341 1
0.160671 1
0.379749 1
0.320164 1
0.159386 1
0.090599 1
0.629980 1
0.120016 1
0.239926 1
0.168031 1
0.071937 1
0.440070 10
2.019847 1
0.202211 1
0.514974 1
0.076200 1
0.266753 1
0.119949 1
0.219954 1
0.178228 1
0.762084 4
0.203831 4
0.176155 4
0.223943 4
0.856215 1
0.139658 1
0.099916 1
0.119601 1
0.600524 1
0.119556 1
0.120434 1
0.219768 1
0.660354 1
0.399610 2
0.000200 8
2.420068 13
0.600017 4
0.560070 23
0.000230 2
0.000025 31
0.000013 2
0.000011 17
0.000008 2
0.000024 11
0.000124 2
0.000010 19
0.000008 2
0.000012 65
0.000008 2
0.000193 8
10.979391 1
0.179970 1
0.239949 1
0.539932 1
0.220137 1
0.139829 1
0.599971 1
0.179998 1
0.080020 1
0.140033 1
0.059844 1
0.380088 1
0.140225 1
0.168102 1
0.191604 1
5.880133 10
23.700051 1
0.188194 1
0.271801 1
0.279971 1
0.140047 1
0.099952 1
0.200181 1
0.331930 1
0.068257 1
0.179490 1
0.060320 1
0.111159 1
0.108842 1
0.719972 1
0.179827 1
0.128266 1
0.112013 1
0.159618 1
0.240114 1
0.100406 1
0.079621 1
0.180006 1
0.199931 1
0.109847 1
0.090173 1
0.080095 1
0.480135 1
0.169029 1
0.090646 1
0.100902 1
0.119093 1
0.100134 1
0.180236 1
0.139727 1
0.240067 1
0.099821 1
1.340690 10
5.999454 1
0.260084 1
0.099928 1
0.120153 1
0.400037 1
0.139664 1
0.960029 4
0.659987 1
0.160106 1
1.019963 1
0.200120 1
0.119922 1
0.180083 1
0.140202 1
3.019735 1
0.108217 1
0.132035 1
0.239701 1
0.419963 4
0.220431 4
0.179608 4
0.199942 4
0.160093 4
0.180092 4
0.180017 4
0.180011 4
0.559970 4
0.499891 1
0.239827 1
0.080111 1
0.200084 1
0.120003 1
0.280004 1
0.119939 1
0.148152 1
0.211866 1
0.460048 1
0.887956 2
0.001643 8
6.070391 1
0.220206 1
0.179894 1
0.039964 1
0.400048 1
0.307922 1
0.131995 1
0.879920 1
0.100006 1
0.160083 1
0.279923 1
0.059972 1
0.220073 1
0.539943 4
0.600065 1
1.440332 1
0.279835 1
0.259816 1
0.719905 1
0.180064 1
0.114087 1
0.182267 1
0.103538 1
0.496115 1
0.123992 1
0.140096 1
0.219804 1
0.500172 1
0.560100 3
0.000195 2
0.000162 8
2.501588 1
0.192133 1
0.145841 1
0.293864 1
0.206367 1
0.199864 1
0.401433 1
0.238393 1
0.090135 1
0.110137 1
0.080012 1
0.499673 1
0.120196 1
0.099766 1
0.089880 1
0.170183 1
0.219978 1
0.160086 1
0.149848 1
0.110294 1
0.159705 1
0.120341 1
0.119791 1
0.240194 1
0.539830 1
0.119894 1
0.060056 1
0.120004 1
0.190138 1
0.110214 1
0.159647 1
0.149965 1
0.109846 1
0.310329 1
0.089834 1
0.210172 1
0.090097 1
1.519592 2
0.000070 8
1.840101 1
0.180023 1
0.400059 1
0.169920 1
0.089939 1
0.210051 1
0.109840 1
0.660101 1
0.179982 1
0.140400 1
0.119712 1
0.059924 1
0.920402 1
0.119606 1
0.240104 1
0.179956 1
0.240138 1
0.099744 1
0.160045 1
0.120151 1
2.179768 1
0.100400 1
0.139701 1
0.309992 1
5.870076 1
1.580011 1
0.139858 1
0.840022 1
0.310105 1
0.129995 1
0.129934 1
0.110060 1
0.199983 1
0.149976 1
0.109968 1
0.099845 1
0.860021 1
4.400208 1
0.309898 1
0.150023 1
0.079905 1
0.148114 1
1.132134 1
0.207718 1
0.392078 1
0.310078 1
0.109980 1
0.198037 1
0.122184 1
0.360097 1
0.159734 1
0.880162 1
4.100001 1
0.379831 1
0.580110 1
3.979910 1
0.380167 1
0.309660 1
0.110260 1
0.139849 1
0.100162 1
0.119888 1
0.099917 1
0.680133 1
0.839950 1
0.699873 1
3.859887 2
0.002411 8
2.778126 1
0.219665 1
0.099944 1
0.120021 1
0.358186 1
0.279823 1
0.172226 1
2.029713 1
0.183742 1
0.276322 1
0.219995 1
0.059996 1
0.220091 1
0.127911 1
0.779993 1
0.120000 1
0.132238 1
0.059833 1
0.187855 1
0.160089 1
0.100061 1
0.132254 1
0.579625 1
0.079971 1
0.140177 1
0.220021 1
0.659910 1
0.619976 2
0.000214 9
0.000215 2
0.000118 8
3.648500 1
0.190892 1
0.220051 1
0.360056 1
0.239912 1
0.139937 1
0.170258 1
0.189815 1
0.160028 1
0.059946 1
0.090086 1
0.190002 1
0.109887 1
0.109961 1
0.100143 1
0.250233 1
0.789847 1
0.199979 1
0.109991 1
0.170045 1
0.159931 1
0.060042 1
0.140157 1
0.109736 1
0.210097 1
0.120007 1
0.080005 1
0.180096 1
0.099817 1
0.159958 1
0.230119 1
0.317941 1
0.273092 1
0.087481 1
0.131613 1
0.120143 1
0.089987 1
0.129552 1
0.140138 1
0.100281 1
0.159574 1
0.150319 1
0.150025 1
0.099666 1
0.148258 1
0.192049 1
0.259998 1
0.159842 1
0.050119 1
0.849953 1
0.099986 1
0.137956 1
0.642125 10
3.180027 52
0.457716 57
0.362473 91
1.420829 67
0.619033 56
0.639681 68
0.660240 61
0.599984 51
0.719745 41
0.640085 1
0.700103 42
0.759885 55
0.720340 112
2.229501 2
0.002651 8
1.787640 1
0.180060 1
0.280853 1
1.278870 1
0.140039 1
0.100049 1
0.120025 1
0.099951 1
0.160062 1
0.080025 1
0.079960 1
0.160034 1
0.150276 1
0.189586 1
0.080358 1
0.099901 1
0.080047 1
0.219759 1
0.120106 1
0.099838 1
0.129959 1
0.230356 1
0.199905 1
0.179697 1
0.138529 1
0.161731 1
0.120014 1
0.029981 1
0.071607 1
0.178275 1
0.060047 1
0.360168 1
0.120585 1
0.189241 1
0.109954 1
0.109933 1
0.710203 1
0.059926 1
0.119915 1
0.100116 1
0.160003 1
0.120026 1
0.040146 1
0.100013 1
0.099765 1
0.320078 1
0.239939 1
0.153881 1
0.096315 1
0.849692 1
0.178122 1
0.092039 1
0.150066 1
0.150426 1
0.129481 1
0.098053 1
0.681896 10
1.760104 56
0.977779 112
0.980654 1
0.221512 1
0.216362 1
0.204216 1
0.199429 1
0.220088 1
0.259924 1
0.500035 1
0.039947 1
0.080087 1
0.039970 1
0.039821 1
0.040293 1
0.069820 1
0.030349 1
0.059877 1
0.039953 1
0.059821 1
0.050215 1
0.049992 1
0.049939 1
0.050113 1
0.050962 1
0.039028 1
0.049662 1
0.059945 1
0.058139 1
0.042074 1
0.049829 1
0.150502 1
0.199656 1
0.199876 1
0.400078 3
0.640272 3
0.779902 5
0.289948 5
0.460096 3
0.487724 3
0.062238 3
0.039682 3
0.040149 3
0.059928 3
0.060009 3
0.040087 3
0.049987 3
0.130242 3
0.199773 3
0.189847 3
0.490314 3
0.679700 3
0.740476 5
0.199795 5
0.218085 5
0.162283 5
0.739584 5
3.315975 5
0.244493 5
0.399676 5
0.260049 5
0.199698 5
0.920402 5
0.619764 5
0.360127 5
0.140160 5
0.459929 5
0.259861 5
0.160298 5
0.147675 5
0.672181 5
0.159746 5
0.148164 5
0.132023 5
0.119804 5
0.719915 1
0.500070 1
0.040128 1
0.064031 1
0.035725 1
0.060174 1
0.059736 1
0.048080 1
0.052043 1
0.042383 1
0.045685 1
0.051931 1
0.060001 1
0.248146 1
0.431937 3
0.259809 3
0.199911 3
0.761686 3
0.918711 5
0.332218 5
0.407516 3
0.259895 3
0.180108 3
0.180164 3
0.167900 3
0.491870 3
0.047955 3
0.052124 3
0.039955 3
0.060234 3
0.045293 3
0.062520 3
0.092034 3
0.200119 3
0.219818 3
0.760133 1
0.620106 3
0.839956 5
0.179851 5
0.680782 5
0.839172 3
0.199916 3
0.200041 3
0.179986 3
0.220018 3
0.180013 3
0.219937 3
0.220251 3
0.220125 3
1.328110 9
0.151741 5
0.900511 2
0.002282 8
2.677056 1
0.188033 1
0.151998 1
0.379903 1
0.160456 1
0.259692 1
0.099938 1
0.220161 1
1.339826 1
0.628034 4
0.392034 1
0.967864 1
0.159090 1
0.252887 1
0.280340 1
0.283665 1
0.804194 4
0.159872 4
0.132816 1
0.119130 1
0.148291 1
0.023799 1
0.248279 1
0.159630 1
0.060055 1
0.379989 1
0.139982 1
0.148205 1
0.132200 1
0.243524 1
0.096102 1
0.240233 1
0.107818 1
0.111875 1
0.100145 1
0.268054 1
0.116459 1
0.875399 1
0.240066 1
0.480116 1
1.367794 10
3.691930 1
0.220022 1
0.127918 1
0.100235 1
0.371981 1
0.337968 1
0.102057 1
0.540262 1
0.179586 1
0.380012 1
0.313115 1
0.127182 1
0.199802 1
0.148169 1
0.671774 1
0.120281 1
0.099731 1
0.220106 1
0.500002 1
0.979897 2
0.000263 23
0.000018 2
0.000018 23
0.000008 2
0.000043 8
6.879650 1
0.159915 1
0.228215 1
0.502156 1
0.209690 1
0.200004 1
0.160022 1
0.199977 1
0.117963 1
0.162769 1
0.019200 1
0.380185 1
0.420003 1
0.180159 1
0.159795 1
0.640271 1
0.499618 1
0.079931 1
0.180197 1
0.140173 1
0.139979 1
0.159865 1
0.199945 1
0.120080 1
0.139883 1
0.060099 1
0.200040 1
0.120748 1
0.167426 1
0.092002 1
0.127742 1
0.132074 1
0.135895 1
1.324083 1
0.167855 1
0.172064 1
0.140085 1
0.820125 1
0.199894 1
0.139719 1
0.128217 1
0.212142 1
0.279775 1
0.160092 1
0.180166 1
0.887852 10
1.111959 1
0.160293 1
0.219784 1
0.520068 1
0.499627 1
0.068147 1
0.040067 1
0.051953 1
0.048253 1
0.051754 1
0.040035 1
0.059944 1
0.040095 1
0.068109 1
0.032070 1
0.060007 1
0.048049 1
0.051796 1
0.059955 1
0.039946 1
0.039992 1
0.060061 1
0.068267 1
0.031752 1
0.063509 1
0.044381 1
0.052468 1
0.047455 1
0.052159 1
0.039887 1
0.060184 1
0.048068 1
0.051789 1
0.040062 1
0.061336 1
0.038591 1
0.060418 1
0.048682 1
0.050909 1
0.047990 1
0.060085 1
0.041886 1
0.618286 10
394.815516 1
0.224633 1
0.271844 1
0.099844 1
0.399842 4
0.220061 4
0.179966 4
0.180026 4
0.168036 1
0.631976 1
0.160028 1
0.227797 1
0.472531 1
0.219618 1
0.380314 1
0.219836 1
0.115805 1
0.304091 1
0.140379 1
0.499746 2
0.000264 8
2.079589 1
0.160039 1
0.220048 1
0.280013 1
0.319751 1
0.120208 1
0.139986 1
0.108241 1
0.611634 1
0.160160 1
0.100094 1
0.200011 1
0.227750 1
0.052136 1
0.180219 1
0.339709 1
0.100071 1
0.120034 1
0.195974 1
0.163935 1
0.180135 1
0.260000 1
0.119878 1
0.099974 1
0.119911 1
0.160139 1
0.219940 1
0.059969 1
0.180108 1
0.199973 1
0.099795 1
0.288325 1
0.131723 1
0.100014 1
0.139981 1
0.760738 10
0.739501 1
0.160141 1
0.167317 1
0.332388 1
0.199962 1
0.099839 1
0.100387 1
0.159745 1
0.128124 1
0.132224 1
0.195788 1
0.143874 1
0.128054 1
0.125037 1
0.966930 1
0.116031 1
0.163685 1
0.060271 1
0.580204 1
0.119980 1
0.187949 1
0.191777 1
0.200210 1
0.179982 1
0.079611 1
0.200330 1
0.740083 4
0.199992 4
0.900077 4
0.699801 1
0.147769 1
0.160312 1
0.632251 10
1.739638 1
0.168590 1
0.171582 1
12.456511 1
0.000032 1
0.000030 1
0.000022 1
0.000021 1
0.000020 1
0.000024 1
0.000021 1
0.000022 1
0.000021 1
0.000022 1
0.000063 1
0.000022 1
0.000025 1
0.000023 1
0.000023 1
0.000023 1
0.000026 1
0.000023 1
0.000025 1
0.000025 1
0.000026 1
0.000024 1
0.000025 1
0.000025 1
0.000087 1
0.000029 1
0.000033 1
0.000028 1
0.000028 1
0.000027 1
0.000026 1
0.000028 1
0.000029 1
0.000028 1
0.000482 1
0.000034 1
0.000031 1
0.000048 1
0.000032 1
0.000029 1
0.000042 1
0.000029 1
0.000031 1
0.000034 1
0.000030 1
0.000030 1
0.000031 1
0.000032 1
0.000182 1
0.000036 1
0.000032 1
0.000033 1
0.000111 1
0.000034 1
0.000102 1
0.000098 1
0.000100 1
0.000117 1
0.000036 1
0.000094 1
0.000036 1
0.000091 1
0.000091 1
0.000091 1
0.000091 1
0.000092 1
0.000095 1
0.000095 1
0.000040 1
0.000119 1
0.000101 1
0.000101 1
0.000096 1
0.000095 1
0.000097 1
0.000147 1
0.000109 1
0.000098 1
0.000110 1
0.000130 1
0.000095 1
0.000097 1
0.000098 1
0.000097 1
0.000104 1
0.000098 1
0.000099 1
0.000099 1
0.000124 1
0.000101 1
0.000100 1
0.000103 1
0.000118 3
0.000085 1
0.000083 1
0.000028 1
0.000106 1
0.000026 1
0.000035 1
0.000091 1
0.000095 1
0.000086 1
0.000027 1
0.000088 1
0.000027 1
0.000082 1
0.000028 1
0.000086 1
0.000029 1
0.000083 1
0.000028 1
0.000091 1
0.000036 1
0.000087 1
0.000080 1
0.000031 1
0.000102 1
0.000091 1
0.000090 1
0.000029 1
0.000086 1
0.000036 1
0.000090 1
0.000096 1
0.000147 1
0.000087 1
0.000035 1
0.000090 1
0.000110 1
0.000099 1
0.000038 1
0.000097 1
0.000090 1
0.000036 1
0.000090 1
0.000090 1
0.000096 1
0.000093 1
0.000034 1
0.000091 1
0.000091 1
0.000106 1
0.000099 1
0.000094 1
0.000091 1
0.000038 1
0.000090 1
0.000090 1
0.000089 1
0.000092 1
0.000164 1
0.000114 1
0.000099 1
0.000098 1
0.000101 1
0.000098 1
0.000100 1
0.000096 1
0.000096 1
0.000096 1
0.000097 1
0.000041 1
0.000114 1
0.000099 1
0.000147 1
0.000042 1
0.000101 1
0.000097 1
0.000145 1
0.000107 1
0.000096 1
0.000100 1
0.000117 1
0.000102 1
0.000100 1
0.000099 1
0.000123 1
0.000110 1
0.000096 1
0.000115 1
0.000097 1
0.000129 1
0.000100 1
0.000115 1
0.000111 1
0.000105 1
0.000125 1
0.000112 1
0.000117 1
0.000112 1
0.000116 1
0.000103 1
0.000111 1
0.000125 1
0.000109 1
0.000113 1
0.000122 1
0.000112 3
0.000095 1
0.000102 1
0.000032 1
0.000087 1
0.000031 1
0.000091 1
0.000092 1
0.000036 1
0.000090 1
0.000116 1
0.000093 1
0.000102 1
0.000086 1
0.000097 1
0.000090 1
0.000036 1
0.000087 1
0.000085 1
0.000088 1
0.000093 1
0.000038 1
0.000096 1
0.000098 1
0.000098 1
0.000092 1
0.000106 1
0.000097 1
0.000092 1
0.000037 1
0.000093 1
0.000099 1
0.000093 1
0.000093 1
0.000094 1
0.000097 1
0.000153 1
0.000121 1
0.000099 1
0.000043 1
0.000096 1
0.000094 1
0.000098 1
0.000098 1
0.000108 1
0.000094 1
0.000097 1
0.000112 1
0.000113 1
0.000094 1
0.000115 1
0.000096 1
0.000101 1
0.000154 1
0.000103 1
0.000111 1
0.000108 1
0.000119 1
0.000107 1
0.000113 1
0.000111 1
0.000107 1
0.000097 1
0.000114 1
0.000107 1
0.000126 1
0.000115 1
0.000119 1
0.000121 1
0.000113 1
0.000145 1
0.000103 1
0.000118 1
0.000138 1
0.000112 1
0.000107 1
0.000107 1
0.000113 1
0.000109 1
0.000109 1
0.000110 1
0.000108 1
0.000124 1
0.000121 1
0.000110 1
0.000109 1
0.000161 1
0.000137 1
0.000115 1
0.000114 1
0.000128 1
0.000115 1
0.000119 1
0.000114 1
0.000116 1
0.000116 1
0.000119 1
0.000110 1
8.717935 2
0.000107 8
5.399393 1
0.208177 1
0.412395 1
0.659996 1
0.200034 1
0.180246 1
0.179627 1
0.129610 1
0.150648 1
0.239458 1
0.100422 1
0.099939 1
0.169952 1
0.191126 1
0.138822 1
0.100094 1
0.140101 1
0.179920 1
0.500018 1
0.119965 1
0.107932 1
0.260139 1
0.151958 1
0.109475 1
0.130352 1
0.140160 1
0.289624 1
0.150114 1
0.780275 1
0.159878 1
0.120212 1
0.209774 1
0.290371 1
0.099898 1
0.139903 1
0.240196 1
0.699169 1
0.200601 1
0.180076 1
0.120164 1
0.199667 1
0.060299 1
0.139767 1
0.139900 1
0.120117 1
0.179965 1
0.100015 1
0.180006 1
0.160151 1
0.264523 1
0.095422 1
0.139877 1
0.107973 1
0.210147 1
0.189943 1
0.182041 1
0.119791 1
0.150142 1
0.129783 1
0.110113 1
0.160289 1
0.139724 1
0.140466 1
0.119567 1
0.180071 1
0.099958 1
0.300028 1
0.110150 1
0.289833 1
0.100051 1
0.199784 1
0.720276 10
3.059978 1
0.159870 1
2.240041 1
3.599784 1
0.159865 1
0.240314 1
0.160062 1
0.879580 1
0.240526 1
0.119980 1
0.107768 1
0.122138 1
0.158197 1
0.131686 1
0.209638 1
0.170410 1
0.420033 1
0.219968 1
0.099987 1
1.880044 1
0.120070 1
0.239937 1
0.179421 1
0.200501 1
0.410010 1
5.749907 1
0.080379 1
0.259628 1
0.100099 1
0.210165 1
0.089818 1
0.399494 1
0.140651 1
0.139409 1
0.220634 1
0.119822 1
0.100047 1
0.200086 1
0.139949 1
0.109536 1
0.450543 1
0.179774 1
0.099953 1
0.160244 1
1.220000 4
0.239475 4
0.159941 4
0.180423 4
0.179747 4
0.200096 4
0.220674 4
0.899503 1
0.168199 1
0.119912 1
0.671780 1
0.180117 1
0.240037 1
0.219582 1
0.220490 1
0.139436 1
0.120391 1
0.190034 1
0.130048 1
0.119932 1
1.240218 1
0.009773 1
0.150159 1
0.120244 1
0.119694 1
0.140019 1
0.079958 1
0.240071 1
0.109974 1
0.077934 1
0.182176 1
0.129821 1
0.139720 1
0.228249 1
0.132296 1
0.159697 1
0.210258 1
0.149877 1
0.100138 1
0.120127 1
0.139951 1
0.139883 1
0.707854 1
0.092658 1
0.139514 1
0.240091 1
0.357817 1
1.421981 1
0.199991 1
0.100264 1
0.179607 1
0.180090 1
0.129948 1
0.078053 1
0.170016 1
0.161943 1
0.120340 1
0.307656 1
0.472251 1
0.287968 1
0.091895 1
4.639813 10
3.479949 1
0.248118 1
0.272080 1
0.460031 1
0.219959 1
0.110056 1
0.149912 1
0.060200 1
0.559751 1
0.100261 1
0.129712 1
0.210754 1
0.239140 1
0.120322 1
0.119993 1
0.168010 1
0.251803 1
0.100077 1
0.108245 1
0.309713 1
0.221902 1
0.180015 1
0.100108 1
0.179928 1
0.120119 1
0.119977 1
1.027839 1
0.132197 1
0.139939 1
0.140142 1
0.239919 1
0.179917 1
0.200212 1
0.209771 1
0.669921 1
0.180238 1
0.740234 1
0.199581 1
0.110009 1
0.689737 1
0.140307 1
0.170072 1
1.109891 10
4.020234 1
0.179664 1
0.380299 1
0.759374 1
0.200530 1
0.080123 1
0.159192 1
0.070838 1
0.169706 1
0.149922 1
0.050059 1
0.080158 1
0.159909 1
0.160004 1
0.070002 1
0.150094 1
0.120004 1
0.120336 1
0.189658 1
0.569810 1
0.160066 1
0.160429 1
0.199711 1
0.440061 2
0.000112 8
0.889805 1
0.209935 1
0.330007 1
0.069359 1
0.300725 1
0.200058 1
0.099836 1
0.178236 1
1.081765 1
0.080104 1
0.139858 1
0.199583 1
0.580290 2
0.000306 21
0.000011 2
0.000008 31
0.000008 2
0.000007 17
0.000008 2
0.000013 11
0.000014 2
0.000017 19
0.000012 2
0.000018 65
0.000008 2
0.000063 8
10.489775 1
0.209421 1
0.400488 1
0.581143 1
0.258528 1
0.180323 1
0.539967 1
0.180091 1
0.099887 1
0.150116 1
0.059962 1
0.189497 1
0.220551 1
0.139973 1
0.159947 1
0.119419 1
0.280550 1
0.160022 1
0.079423 1
0.220652 1
0.140118 1
0.259745 1
1.320165 1
0.099385 1
0.260524 1
0.109467 1
0.770131 1
0.460465 1
0.259964 1
0.147870 1
0.801670 10
4.290433 1
0.389435 1
0.110084 1
1.010073 1
0.250299 1
0.110094 1
1.929943 1
0.531288 1
0.388835 1
0.139874 1
0.298054 1
0.101975 1
0.240011 1
0.680067 1
0.969983 1
0.089996 1
0.219921 1
0.120063 1
0.260074 1
1.039953 1
0.599889 1
0.848199 1
1.471845 2
0.000151 8
2.439953 1
0.399899 1
2.468042 1
2.512120 1
0.097794 1
0.482274 1
0.119850 1
0.230487 1
0.149568 1
0.419755 1
0.180202 1
0.099950 1
0.220048 1
0.500027 4
0.439927 1
1.720311 1
0.949657 1
0.450563 1
1.069554 1
0.149907 1
0.150181 1
0.109658 1
0.280122 1
0.270086 1
0.260049 1
0.149785 1
0.150098 1
0.550133 1
0.100094 1
0.139925 1
0.669955 1
0.110022 1
0.260176 1
0.169650 1
1.369939 1
0.300050 1
0.120106 1
0.220118 1
0.719885 1
2.470271 2
0.000131 8
3.329664 1
0.160034 1
0.790188 1
2.089759 1
0.139790 1
0.140218 1
0.220071 1
1.280000 1
0.359873 1
0.179523 1
0.120387 1
2.989687 1
0.410299 1
0.469660 1
1.589763 1
0.340461 1
0.370167 1
0.130255 1
0.229937 1
0.309856 1
0.279500 1
0.420369 1
0.180033 1
0.170193 1
1.469357 1
0.220409 1
0.160016 1
0.560085 1
0.169476 1
0.170407 1
0.140094 1
1.100087 1
0.230018 1
1.229554 1
0.150530 1
0.249295 1
0.600032 1
0.100433 1
0.159557 1
0.340545 1
0.280005 1
0.189664 1
0.670367 4
0.679895 1
0.170092 1
0.070013 1
0.169999 1
0.889969 1
0.310021 1
0.169891 1
0.159958 1
0.100014 1
0.100125 1
0.159420 1
0.140471 1
0.079673 1
0.220408 1
0.200381 1
0.169654 1
0.089881 1
0.139660 1
0.200450 1
0.139409 1
0.180205 1
0.120415 1
0.700168 1
0.149828 1
0.179992 1
0.089909 1
0.200088 1
0.260004 1
0.170319 1
0.089612 1
0.519930 4
0.240054 4
0.180084 4
0.179953 4
0.199917 4
0.180261 4
1.899360 1
0.139825 1
0.220678 1
0.140416 1
0.139472 1
0.140077 1
0.379431 1
0.139938 1
0.160703 1
0.739439 1
0.080089 1
1.560260 4
0.199989 4
0.620124 1
0.170067 1
0.379591 1
0.190500 1
0.118062 1
0.121326 1
0.159922 1
0.140671 1
0.119866 1
0.109676 1
0.130466 1
0.119831 1
0.260217 1
0.239879 1
0.100021 1
0.209574 1
5.350293 10
7.240014 1
0.140162 1
0.319833 1
0.100380 1
0.239599 1
0.280186 1
0.279735 1
0.100116 1
1.320125 1
0.889931 1
0.190004 1
0.619968 1
0.360139 1
1.279948 1
0.940103 1
0.179775 1
0.139898 1
0.210196 1
0.810078 1
0.419934 1
0.338012 1
0.161950 1
1.080161 1
14.699681 10
1.680447 1
0.159166 1
0.720648 1
0.109892 1
0.150062 1
0.929896 1
0.129973 1
0.309547 1
1.250528 1
0.159941 1
0.230193 1
0.250001 1
1.439873 1
0.380006 1
0.168011 1
1.591822 1
0.740266 1
0.119856 1
0.140010 1
0.207788 1
0.820226 1
1.032089 1
0.967604 1
0.072466 1
0.308014 1
0.151940 1
0.147442 1
0.132303 1
0.100133 1
0.807577 1
0.316322 1
0.296238 1
0.259837 1
2.247642 1
0.132380 1
0.140053 1
0.219847 1
3.280259 1
0.919785 1
0.140428 1
1.327304 1
0.992427 1
0.699698 1
0.759524 1
1.020831 37
0.000459 2
0.000073 8
4.579199 1
0.187515 1
0.252450 1
0.700566 1
0.126921 1
0.152740 1
0.139580 1
0.480341 1
0.200017 1
0.279973 1
0.307456 1
0.172475 1
0.968175 4
0.171957 4
0.179850 4
0.180215 4
0.839291 1
0.160590 1
0.255913 1
0.144103 1
0.628289 1
0.171775 1
0.179863 1
0.228068 1
0.131907 1
0.168095 1
0.672067 1
0.159772 1
0.180086 1
0.188105 1
0.111571 1
0.339830 1
0.140522 1
0.139635 1
0.280021 1
0.140304 1
0.099532 1
0.208494 1
0.432009 1
0.540190 10
1.339913 1
0.167430 1
0.212451 1
0.362808 1
0.265098 1
0.132151 1
0.407697 1
0.172223 1
0.160296 1
0.187804 1
0.072084 1
0.239846 1
0.219488 1
0.119962 1
0.140637 1
0.107319 1
0.060657 1
0.212033 1
0.099882 1
0.099962 1
0.108179 1
0.812043 10
7.100034 21
0.579983 62
0.599823 69
0.600257 53
0.539244 115
0.580685 73
0.719839 52
0.760115 55
1.119891 51
2.020136 10
0.799797 22
0.340213 50
0.359894 62
0.339977 69
0.428155 53
0.392075 115
0.419617 73
3.660035 2
0.000078 8
0.747817 37
0.332382 52
0.379818 50
0.329496 62
0.410026 69
0.308391 53
0.391988 115
0.979878 1
0.500159 1
0.040111 1
0.059367 1
0.040129 1
0.060426 1
0.040269 1
0.059477 1
0.039730 1
0.060771 1
0.047721 1
0.051481 1
0.040083 1
0.060418 1
0.060121 1
0.047514 1
0.052509 1
0.039801 1
0.059656 1
0.040342 1
0.060246 1
0.047898 1
0.052050 1
0.047451 1
0.052492 1
0.039769 1
0.060419 1
0.047995 1
0.059789 1
0.031910 1
0.060201 1
0.039853 1
0.060464 1
0.039517 1
0.060097 1
0.047931 1
0.052176 1
0.048031 1
0.051338 1
0.040430 1
0.499988 1
0.680412 1
0.659779 1
0.420059 1
0.219945 1
0.199773 1
0.180269 1
0.179818 1
0.179937 1
0.207952 1
0.192175 1
0.179857 1
0.200327 1
0.179756 1
0.160105 1
0.199931 1
0.200057 1
0.200147 1
1.139751 1
1.360222 5
1.379972 2
0.000132 8
1.379615 89
0.328227 73
0.351945 52
0.359411 50
0.399976 62
0.360513 69
1.040017 53
1.839932 2
0.000097 8
0.999818 23
0.367614 114
0.360565 73
0.351333 52
0.420595 50
0.379925 62
0.820007 69
1.380375 2
0.002563 8
2.796874 1
0.159793 1
0.260494 1
1.739894 1
1.079607 1
0.860510 1
0.699407 1
0.800288 1
0.560117 1
1.620126 1
0.987470 10
6.892603 1
0.168117 1
0.191914 1
0.619303 1
0.201086 1
0.046892 1
0.132689 1
0.127894 1
0.192255 1
0.099666 1
0.100051 1
0.120221 1
0.159856 1
0.839477 1
0.099943 1
0.180659 1
0.127879 1
0.211555 1
0.200482 1
0.239868 1
0.119733 1
8.340552 10
1.059668 1
0.100263 1
0.419868 1
0.180022 1
0.240217 1
0.128000 1
1.111919 4
0.199987 4
0.539468 1
0.180426 1
0.160122 1
0.100072 1
0.879453 1
0.080523 1
0.280007 1
0.119461 1
0.160373 1
0.660272 24
0.000040 2
0.000062 37
0.000020 2
0.000039 89
0.000014 2
0.000012 23
0.000012 2
0.000019 44
0.000011 2
0.000075 8
16.299449 1
0.179908 1
0.340944 1
23.699179 1
0.099855 1
0.159699 1
0.148421 1
0.211896 1
0.295634 1
0.124393 1
0.060350 1
0.159678 1
0.119809 1
0.148398 1
0.251767 1
0.288144 1
0.132009 1
0.079877 1
0.920252 4
0.199701 4
1.228149 1
0.791790 1
0.099774 1
0.160402 1
0.179172 1
0.316865 1
0.163286 1
0.140114 1
0.320657 1
0.079739 1
0.200157 1
0.179984 1
0.135875 1
0.124257 1
0.187293 1
0.132597 1
0.160163 1
0.099918 1
0.107768 1
0.651567 1
0.108636 1
0.551944 1
0.147654 1
0.692514 1
0.147382 1
0.140434 1
0.112289 1
0.259170 1
0.208609 1
0.752764 1
0.206684 1
0.172378 1
0.180052 1
0.287496 1
0.712508 1
0.360120 1
0.860117 1
0.107859 1
0.131910 1
0.180000 1
0.180228 1
0.167719 1
0.231950 1
0.147522 1
0.280200 1
0.172408 1
0.180123 1
0.647906 4
0.172038 4
0.179496 4
0.900569 1
0.400054 1
0.199948 1
0.179714 1
0.340051 1
0.155889 1
0.124313 1
0.079366 1
0.140093 1
0.128411 1
0.312250 1
0.099675 1
0.160104 1
0.180057 1
0.140207 1
0.087698 1
0.152049 1
0.719997 4
0.200023 4
0.208078 4
0.172006 4
0.179778 4
0.200150 4
0.179512 4
1.140371 1
0.099596 1
0.188171 1
0.432223 4
0.259918 1
0.440099 1
0.188155 1
0.132019 1
0.100337 1
0.219496 1
0.100168 1
0.120038 1
0.107787 1
0.172141 1
0.140044 1
0.307961 1
0.111822 1
0.140149 1
0.047596 1
0.660255 1
0.132135 1
0.199982 1
0.160520 1
0.399482 1
0.259994 1
0.987994 10
5.911748 1
0.987904 1
0.271617 1
0.340218 1
0.460570 4
0.219780 4
0.179650 4
1.160053 1
0.800691 1
0.619806 1
0.259905 1
0.140039 1
0.180100 1
0.179941 1
0.087304 1
0.132630 1
0.119933 1
0.200225 1
0.107861 1
0.152230 1
0.059838 1
0.420020 1
0.220038 1
0.739334 1
0.168016 1
0.072410 1
0.200130 1
0.107919 1
0.111617 1
0.128433 1
0.151995 1
0.607906 10
558.211982 1
0.200172 1
0.559916 1
0.367763 1
0.712338 1
0.499748 1
0.059884 1
0.048325 1
0.051755 1
0.039773 1
0.060232 1
0.040412 1
0.059766 1
0.048003 1
0.051939 1
0.040242 1
0.059730 1
0.048329 1
0.083672 1
0.007986 1
0.060053 1
0.040191 1
0.059345 1
0.048659 1
0.051771 1
0.048078 1
0.052243 1
0.040095 1
0.059809 1
0.039984 1
0.059847 1
0.039938 1
0.067979 1
0.032042 1
0.060163 1
0.579693 2
0.000054 8
1.760260 1
0.099992 1
0.140815 1
0.198947 1
0.108153 1
0.091893 1
0.100220 1
0.120021 1
0.187729 1
0.072118 1
0.100017 1
0.300179 1
0.140164 1
0.099584 1
0.120847 1
0.198956 1
0.228160 1
0.091961 1
0.180082 1
0.260194 1
0.139986 1
0.400139 10
1.099629 1
0.220103 1
0.108114 1
0.111909 1
0.219871 1
1.040003 4
0.500135 4
0.039854 4
0.040170 4
0.060325 4
0.059418 1
0.040339 1
0.039750 1
0.068159 1
0.032076 1
0.199783 1
0.819965 1
0.360122 40
0.000030 2
0.000063 8
1.539899 1
0.160302 1
0.179528 1
0.240262 1
0.139948 1
0.140121 1
0.239810 1
0.100032 1
0.120174 1
0.119900 1
0.139878 1
0.120169 1
0.100156 1
0.187593 1
0.352186 1
0.100021 1
0.159889 1
0.059993 1
0.140292 1
0.199581 1
0.200173 1
0.080030 1
0.559955 1
0.220271 1
0.119754 1
0.399882 2
0.000080 8
0.800310 1
0.179672 1
0.199910 1
0.480295 1
0.219813 1
0.080024 1
0.079971 1
0.260061 1
0.099822 1
0.100185 1
0.260037 1
0.260442 1
0.747558 1
0.231847 1
0.120328 1
0.959744 1
0.940019 4
0.139809 1
0.080030 1
0.228293 1
0.252030 1
0.339832 1
0.160218 1
0.159779 1
0.268133 1
0.171937 1
0.140202 1
0.079685 1
0.219958 1
0.940300 10
2.879894 1
0.180152 1
0.219794 1
3.068660 1
0.000039 1
0.000019 1
0.000021 1
0.000024 1
0.000017 1
0.000015 1
0.000014 1
0.000014 1
0.000014 1
0.000013 1
0.000014 1
0.000014 1
0.000014 1
0.000015 1
0.000015 1
0.000025 1
0.000023 1
0.000041 1
0.000027 1
0.000018 1
0.000018 1
0.000029 1
0.000017 1
0.000015 1
0.000016 1
0.000015 1
0.000016 1
0.000016 1
0.000016 1
0.000016 1
0.000016 1
0.000017 1
0.000016 1
0.000028 1
0.000029 1
0.000042 1
0.000021 1
0.000017 1
0.000017 1
0.000018 1
0.000017 1
0.000018 1
0.000018 1
0.000017 1
0.000018 1
0.000028 1
0.000032 1
0.000020 1
0.000019 1
0.000018 1
0.000019 1
0.000026 1
0.000037 1
0.000034 1
0.000026 1
0.000039 1
0.000076 1
0.000020 1
0.000040 1
0.000043 1
0.000035 1
0.000036 1
0.000041 1
0.000021 1
0.000021 1
0.000045 1
0.000023 1
0.000030 1
0.000021 1
0.000029 1
0.000052 1
0.000024 1
0.000022 1
0.000022 1
0.000021 1
0.000022 1
0.000024 1
0.000022 1
0.000022 1
0.000023 1
0.000034 1
0.000027 1
0.000358 1
0.000039 1
0.000042 1
0.000044 1
0.000028 1
0.000024 1
0.000023 1
0.000034 1
0.000029 1
0.000025 1
0.000025 3
0.000222 1
0.000018 1
0.000014 1
0.000016 1
0.000030 1
0.000025 1
0.000016 1
0.000015 1
0.000015 1
0.000014 1
0.000015 1
0.000015 1
0.000147 1
0.000019 1
0.000015 1
0.000046 1
0.000018 1
0.000025 1
0.000173 1
0.000026 1
0.000035 1
0.000034 1
0.000162 1
0.000031 1
0.000141 1
0.000020 1
0.000029 1
0.000118 1
0.000029 1
0.000026 1
0.000117 1
0.000019 1
0.000019 1
0.000050 1
0.000036 1
0.000100 1
0.000031 1
0.000083 1
0.000101 1
0.000082 1
0.000031 1
0.000036 1
0.000071 1
0.000065 1
0.000035 1
0.000065 1
0.000079 1
0.000067 1
0.000021 1
0.000060 1
0.000059 1
0.000021 1
0.000075 1
0.000022 1
0.000075 1
0.000022 1
0.000025 1
0.000104 1
0.000079 1
0.000077 1
0.000022 1
0.000072 1
0.000022 1
0.000077 1
0.000032 1
0.000081 1
0.000069 1
0.000024 1
0.000062 1
0.000063 1
0.000089 1
0.000025 1
0.000086 1
0.000024 1
0.000107 1
0.000043 1
0.000078 1
0.000079 1
0.000063 1
0.000081 1
0.000076 1
0.000033 1
0.000086 1
0.000027 1
0.000067 1
0.000103 1
0.000116 1
0.000122 1
0.000117 1
0.000104 1
0.000071 1
0.000077 1
0.000074 1
0.000083 1
0.000070 1
0.000077 1
0.000028 1
0.000065 1
0.000065 1
0.000066 1
0.000066 1
0.000079 1
0.000069 1
0.000030 1
0.000102 3
0.000070 1
0.000061 1
0.000032 1
0.000073 1
0.000030 1
0.000087 1
0.000018 1
0.000070 1
0.000018 1
0.000019 1
0.000058 1
0.000020 1
0.000058 1
0.000019 1
0.000059 1
0.000020 1
0.000074 1
0.000020 1
0.000020 1
0.000062 1
0.000020 1
0.000081 1
0.000080 1
0.000021 1
0.000020 1
0.000094 1
0.000024 1
0.000075 1
0.000074 1
0.000021 1
0.000030 1
0.000062 1
0.000060 1
0.000060 1
0.000022 1
0.000059 1
0.000073 1
0.000022 1
0.000063 1
0.000061 1
0.000033 1
0.000074 1
0.000077 1
0.000023 1
0.000063 1
0.000033 1
0.000081 1
0.000078 1
0.000065 1
0.000073 1
0.000024 1
0.000063 1
0.000063 1
0.000025 1
0.000113 1
0.000086 1
0.000025 1
0.000087 1
0.000092 1
0.000068 1
0.000073 1
0.000087 1
0.000164 1
0.000068 1
0.000131 1
0.000552 1
0.000094 1
0.000087 1
0.000072 1
0.000067 1
0.000066 1
0.000028 1
0.000076 1
0.000092 1
0.000028 1
0.000068 1
0.000083 1
0.000089 1
0.000090 1
0.000070 1
0.000041 1
0.000081 1
0.000069 2
0.000100 8
1.257048 10
1.339776 1
0.159995 1
0.307983 1
0.652163 1
0.099929 1
0.139931 1
0.167947 1
0.052099 1
0.140167 1
0.279640 1
0.280150 1
0.099856 1
0.100156 1
0.139915 1
0.179902 1
1.240084 1
0.140136 1
0.079985 1
0.540223 1
0.259712 1
0.520054 1
0.159884 1
0.179957 1
0.180158 1
0.480013 1
0.159833 1
0.159946 1
0.156111 1
0.923968 1
0.288184 1
0.171802 1
0.100257 1
0.979881 1
0.079887 1
0.400024 1
0.739835 1
0.180102 1
0.128186 1
0.071892 1
0.100084 1
0.119745 1
0.140308 1
0.167857 1
0.212000 1
0.139794 1
0.080153 1
0.100254 1
0.219793 1
0.129039 1
0.051139 1
0.159878 1
0.079898 1
0.079963 1
0.188005 1
0.312240 1
0.199936 1
0.699817 1
0.140319 1
0.168024 1
0.131686 1
0.280103 1
0.240039 1
0.119945 1
0.479900 1
0.340100 1
0.220393 1
0.639540 10
0.999908 1
0.180362 1
0.219754 1
1.188040 1
1.131935 1
0.640062 1
0.260034 1
1.300118 1
1.679836 10
3.259987 8
0.231127 68
0.168865 319
0.241119 67
0.000035 2
0.000029 4
0.000016 2
0.000053 113
0.186887 60
0.179918 29
0.691888 22
0.260025 60
1.400148 10
286.079908 1
0.160255 1
0.179800 1
0.339898 1
0.120017 1
0.140109 1
0.200228 1
0.079857 1
0.097676 1
0.122168 1
0.099682 1
0.140229 1
0.168008 1
0.072097 1
0.180111 1
0.059860 1
0.160192 1
0.059778 1
0.980047 1
0.200002 1
0.200042 1
0.100010 1
0.179889 1
0.200245 1
0.119918 1
0.720082 10
1.017243 1
0.142570 1
0.179856 1
0.580081 1
0.099839 1
0.140284 1
0.219933 1
0.140149 1
0.619893 1
0.139984 1
0.169960 1
0.190016 1
0.150066 1
0.129719 1
0.240209 1
0.220195 1
1.319700 1
0.080182 1
0.219939 1
0.119858 1
0.180076 1
0.120112 1
0.219914 1
0.919987 4
0.280061 1
0.259825 1
0.099951 1
0.250214 1
0.070022 1
0.259811 1
0.860201 10
5.039877 1
0.382031 1
3.628262 1
13.520395 1
0.000054 1
0.000024 1
0.000022 1
0.000020 1
0.000023 1
0.000022 1
0.000036 1
0.000032 1
0.000041 1
0.000030 1
0.000021 1
0.000021 1
0.000022 1
0.000021 1
0.000022 1
0.000031 1
0.000034 1
0.000022 1
0.000023 1
0.000023 1
0.000023 1
0.000024 1
0.000023 1
0.000025 1
0.000024 1
0.000024 1
0.000035 1
0.000026 1
0.000026 1
0.000027 1
0.000078 1
0.000036 1
0.000431 1
0.000030 1
0.000028 1
0.000027 1
0.000029 1
0.000037 1
0.000028 1
0.000028 1
0.000028 1
0.000029 1
0.000027 1
0.000027 1
0.000028 1
0.000029 1
0.000232 1
0.000033 1
0.000030 1
0.000032 1
0.000032 1
0.000144 1
0.000033 1
0.000127 1
0.000033 1
0.000074 1
0.000044 1
0.000130 1
0.000120 1
0.000047 1
0.000144 1
0.000103 1
0.000035 1
0.000100 1
0.000098 1
0.000037 1
0.000100 1
0.000098 1
0.000036 1
0.000098 1
0.000096 1
0.000123 1
0.000038 1
0.000096 1
0.000037 1
0.000106 1
0.000116 1
0.000105 1
0.000094 1
0.000049 1
0.000104 1
0.000095 1
0.000115 1
0.000108 1
0.000094 1
0.000094 1
0.000107 1
0.000041 1
0.000106 1
0.000096 1
0.000114 1
0.000097 1
0.000112 3
0.000107 1
0.000077 1
0.000024 1
0.000023 1
0.000079 1
0.000024 1
0.000092 1
0.000024 1
0.000025 1
0.000025 1
0.000093 1
0.000026 1
0.000026 1
0.000133 1
0.000027 1
0.000090 1
0.000027 1
0.000106 1
0.000029 1
0.000105 1
0.000037 1
0.000082 1
0.000092 1
0.000029 1
0.000084 1
0.000029 1
0.000086 1
0.000100 1
0.000039 1
0.000030 1
0.000092 1
0.000089 1
0.000047 1
0.000099 1
0.000034 1
0.000093 1
0.000034 1
0.000091 1
0.000092 1
0.000034 1
0.000092 1
0.000092 1
0.000036 1
0.000093 1
0.000093 1
0.000035 1
0.000107 1
0.000094 1
0.000090 1
0.000035 1
0.000091 1
0.000092 1
0.000090 1
0.000035 1
0.000099 1
0.000090 1
0.000037 1
0.000102 1
0.000094 1
0.000131 2
0.000062 8
3.239351 1
0.200126 1
0.759963 1
7.508601 1
0.000067 1
0.000064 1
0.000031 1
0.000025 1
0.000027 1
0.000025 1
0.000021 1
0.000031 1
0.000021 1
0.000023 1
0.000022 1
0.000023 1
0.000022 1
0.000024 1
0.000052 1
0.000023 1
0.000026 1
0.000024 1
0.000025 1
0.000024 1
0.000025 1
0.000025 1
0.000026 1
0.000025 1
0.000026 1
0.000029 1
0.000042 1
0.000030 1
0.000027 1
0.000027 1
0.000028 1
0.000027 1
0.000028 1
0.000028 1
0.000028 1
0.000029 1
0.000030 1
0.000028 1
0.000029 1
0.000029 1
0.000030 1
0.000030 1
0.000030 1
0.000030 1
0.000431 1
0.000035 1
0.000048 1
0.000033 1
0.000030 1
0.000030 1
0.000030 1
0.000032 1
0.000032 1
0.000032 1
0.000033 1
0.000258 1
0.000039 1
0.000051 1
0.000037 1
0.000035 1
0.000193 1
0.000038 1
0.000167 1
0.000038 1
0.000036 1
0.000147 1
0.000038 1
0.000145 1
0.000037 1
0.000144 1
0.000129 1
0.000039 1
0.000103 1
0.000107 1
0.000099 1
0.000039 1
0.000098 1
0.000098 1
0.000099 1
0.000042 1
0.000146 1
0.000127 1
0.000113 1
0.000106 1
0.000133 1
0.000101 1
0.000107 1
0.000101 1
0.000099 1
0.000099 1
0.000099 1
0.000109 1
0.000096 3
0.000108 1
0.000024 1
0.000022 1
0.000024 1
0.000092 1
0.000023 1
0.000024 1
0.000023 1
0.000094 1
0.000025 1
0.000084 1
0.000036 1
0.000025 1
0.000083 1
0.000036 1
0.000086 1
0.000037 1
0.000084 1
0.000090 1
0.000052 1
0.000088 1
0.000039 1
0.000096 1
0.000029 1
0.000085 1
0.000038 1
0.000090 1
0.000030 1
0.000094 1
0.000030 1
0.000096 1
0.000031 1
0.000091 1
0.000085 1
0.000054 1
0.000094 1
0.000096 1
0.000086 1
0.000092 1
0.000090 1
0.000033 1
0.000090 1
0.000104 1
0.000036 1
0.000035 1
0.000123 1
0.000094 1
0.000053 1
0.000098 1
0.000097 1
0.000095 1
0.000037 1
0.000096 1
0.000096 1
0.000039 1
0.000095 1
0.000097 1
0.000093 1
0.000093 1
0.000056 1
0.000102 1
0.000094 1
0.000097 1
0.000105 1
0.000097 1
0.000099 1
0.000048 1
0.000104 1
0.000112 1
0.000112 1
0.000105 1
0.000100 1
0.000098 1
0.000099 1
0.000099 1
0.000043 1
0.000103 1
0.000100 1
0.000099 1
0.000101 1
0.000155 1
0.000108 1
0.000103 1
0.000102 1
0.000111 1
0.000140 1
0.000122 1
0.000117 1
0.000106 1
0.000121 1
0.000111 1
0.000096 1
0.000102 1
0.000111 1
0.000120 1
0.000105 1
0.000102 1
0.000109 1
0.000128 1
0.000106 1
0.000123 1
0.000099 1
0.000122 1
0.000111 1
0.000147 3
0.000109 1
0.000110 1
0.000031 1
0.000091 1
0.000089 1
0.000031 1
0.000092 1
0.000032 1
0.000091 1
0.000089 1
0.000032 1
0.000090 1
0.000030 1
0.000089 1
0.000090 1
0.000033 1
0.000105 1
0.000034 1
0.000094 1
0.000101 1
0.000034 1
0.000101 1
0.000095 1
0.000096 1
0.000072 1
0.000130 1
0.000098 1
0.000037 1
0.000139 1
0.000096 1
0.000103 1
0.000091 1
0.000113 1
0.000047 1
0.000096 1
0.000094 1
0.000110 1
0.000103 1
0.000113 1
0.000101 1
0.000040 1
0.000097 1
0.000098 1
0.000098 1
0.000099 1
0.000099 1
0.000101 1
0.000111 1
0.000052 1
0.000124 1
0.000106 1
0.000044 1
0.000107 1
0.000109 1
0.000098 1
0.000100 1
0.000101 1
0.000096 1
0.000116 1
0.000135 1
0.000045 1
0.000105 1
0.000102 1
0.000102 1
0.000112 1
0.000153 1
0.000116 1
0.000123 1
0.000143 1
0.000119 1
0.000120 1
0.000101 1
0.000101 1
0.000109 1
0.000108 1
0.000097 1
0.000108 1
0.000143 1
0.000098 1
0.000101 1
0.000119 1
0.000118 1
0.000070 2
0.000119 8
12.008999 1
0.200017 1
0.639851 1
1.770393 1
0.000099 1
0.000056 1
0.000034 1
0.000045 1
0.000022 1
0.000021 1
0.000021 1
0.000022 1
0.000021 1
0.000022 1
0.000032 1
0.000023 1
0.000024 1
0.000025 1
0.000025 1
0.000026 1
0.000025 1
0.000025 1
0.000025 1
0.000025 1
0.000025 1
0.000026 1
0.000026 1
0.000390 1
0.000032 1
0.000028 1
0.000027 1
0.000028 1
0.000027 1
0.000029 1
0.000029 1
0.000028 1
0.000029 1
0.000030 1
0.000029 1
0.000031 1
0.000231 1
0.000032 1
0.000030 1
0.000030 1
0.000030 1
0.000032 1
0.000159 1
0.000033 1
0.000165 1
0.000035 1
0.000034 1
0.000139 1
0.000034 1
0.000125 1
0.000035 1
0.000156 1
0.000110 1
0.000031 1
0.000088 1
0.000032 1
0.000112 1
0.000091 1
0.000032 1
0.000086 1
0.000032 1
0.000086 1
0.000084 1
0.000085 1
0.000035 1
0.000084 1
0.000084 1
0.000087 1
0.000086 1
0.000034 1
0.000107 1
0.000087 1
0.000096 1
0.000083 1
0.000035 1
0.000106 1
0.000087 1
0.000086 1
0.000102 1
0.000087 1
0.000155 1
0.000037 1
0.000090 1
0.000038 1
0.000090 1
0.000089 1
0.000087 1
0.000093 1
0.000090 1
0.000090 1
0.000090 1
0.000089 1
0.000104 3
0.000086 1
0.000023 1
0.000076 1
0.000024 1
0.000087 1
0.000023 1
0.000023 1
0.000088 1
0.000026 1
0.000026 1
0.000084 1
0.000026 1
0.000124 1
0.000027 1
0.000091 1
0.000036 1
0.000076 1
0.000027 1
0.000104 1
0.000029 1
0.000028 1
0.000082 1
0.000027 1
0.000108 1
0.000028 1
0.000025 1
0.000076 1
0.000027 1
0.000088 1
0.000029 1
0.000079 1
0.000081 1
0.000031 1
0.000084 1
0.000081 1
0.000044 1
0.000085 1
0.000084 1
0.000030 1
0.000082 1
0.000099 1
0.000034 1
0.000086 1
0.000031 1
0.000082 1
0.000081 1
0.000099 1
0.000033 1
0.000082 1
0.000095 1
0.000088 1
0.000069 2
0.000065 8
14.000359 1
0.198240 1
0.321705 1
0.619969 1
0.120287 1
0.139741 1
0.160159 1
0.127927 1
0.111888 1
0.110029 1
0.109961 1
0.848130 1
0.172059 1
0.260296 1
0.204494 1
0.255216 1
0.207754 1
0.112205 1
0.179804 1
0.160221 1
1.680124 10
1.319744 1
0.179950 1
0.228001 1
0.412112 1
0.220063 1
0.127866 1
0.091862 1
0.068348 1
0.231806 1
0.099982 1
0.140077 1
1.740110 1
0.179785 1
0.183706 1
0.224452 1
0.111999 1
0.120801 1
0.139108 1
0.159922 1
0.140059 1
1.699987 2
0.000070 8
0.700201 1
0.199719 1
0.219969 1
0.480032 1
0.140134 1
0.200009 1
0.219952 1
0.179894 1
0.160021 1
0.580077 1
0.159966 1
0.196154 1
0.123947 1
0.119896 1
0.139997 1
0.135933 1
0.504157 1
0.199952 1
0.219980 1
0.127755 1
0.132226 1
0.059965 1
0.140205 1
0.147785 1
0.332131 1
0.100045 1
0.119787 1
0.188080 1
0.112011 1
0.100262 1
0.139830 1
1.607916 1
1.992066 1
0.115818 1
0.191761 1
0.092329 1
0.960022 10
1.975828 1
0.320080 1
0.091930 1
0.172048 1
0.207892 1
0.132269 1
0.479878 1
0.188160 1
0.051912 1
0.140111 1
1.159948 1
0.127874 1
0.132102 1
1.360268 1
0.847593 1
0.052102 1
0.120120 1
0.279934 1
0.147938 1
0.492209 1
1.419624 1
0.580054 1
0.659973 2
0.000075 8
2.299838 1
0.108139 1
0.572081 1
0.700167 1
0.127683 1
0.180126 1
0.092019 1
0.659911 1
3.260410 1
0.215638 1
0.091998 1
1.512194 1
0.627913 1
0.531755 1
1.400367 1
1.239774 1
0.140159 1
0.147956 1
0.152035 1
0.147937 1
0.091868 1
0.160087 1
0.199976 1
0.207971 1
0.151993 1
0.200011 1
0.188306 1
0.239883 1
0.173381 1
0.198530 1
0.919893 1
0.220027 1
0.259808 1
0.280219 1
0.160067 1
0.439895 1
2.099846 10
2.200222 1
0.120229 1
0.119798 1
0.119948 1
0.800087 1
1.100009 1
0.260014 1
0.179847 1
0.480089 1
0.099951 1
0.139978 1
0.139890 1
1.700080 1
0.679962 1
0.260226 1
0.479839 1
1.700057 1
0.519824 1
0.520291 1
1.160815 2
0.002947 8
2.916364 1
0.159849 1
0.240096 1
0.479768 1
0.139982 1
0.140076 1
0.120028 1
0.139954 1
0.139985 1
0.280006 1
0.400135 4
0.239833 4
0.179833 4
0.216243 4
0.163929 4
0.199908 4
0.200155 4
0.939941 1
0.099878 1
0.160027 1
0.100039 1
0.140226 1
0.119732 1
0.200079 1
0.100062 1
0.279963 1
0.140166 1
0.119813 1
0.140229 1
0.259753 1
0.220088 1
0.139730 1
0.100110 1
0.160028 1
0.160059 1
0.167973 1
0.132100 1
0.179891 1
0.499977 10
3.040075 1
0.419970 1
0.100151 1
0.207729 1
0.172358 1
0.179717 1
0.440076 1
0.180076 1
0.120031 1
0.187769 1
0.192140 1
0.159980 1
0.179918 1
2.120200 1
1.299876 1
0.315875 1
0.084265 1
0.148133 1
0.691980 4
0.259621 4
0.160007 4
0.160125 4
0.960130 1
0.260010 1
0.099826 1
0.100072 1
1.020163 1
0.179859 1
0.159931 1
0.159984 1
0.160238 1
1.079916 1
0.839768 1
0.840275 1
0.819861 10
2.460076 1
0.119893 1
0.720278 1
1.519716 1
0.248010 1
0.092130 1
0.159802 1
0.260003 1
0.140109 1
0.100027 1
0.159817 1
0.148019 1
1.412022 1
0.419897 1
0.208308 1
0.111728 1
0.076037 1
0.284119 1
0.160105 1
0.161306 1
1.438378 1
0.420251 1
0.120053 1
0.139871 1
0.739948 1
0.100122 1
0.148057 1
0.191722 1
1.460304 1
0.279855 1
0.159898 1
0.148065 1
0.152239 1
0.799708 1
0.296132 1
0.713057 1
0.390998 1
1.020078 1
0.299703 1
0.260088 1
0.219811 1
0.880117 1
8.060132 10
7.040088 1
0.139788 1
0.120076 1
0.099960 1
0.240056 1
1.760029 1
0.359983 1
0.219692 1
0.680184 1
0.148488 1
0.155616 1
0.235602 1
2.640278 1
0.560107 1
0.308072 1
0.371941 1
1.059870 1
0.620424 10
1.359706 1
0.180049 1
0.880146 1
0.659872 1
0.140056 1
1.659739 1
0.419997 1
0.340067 1
0.200204 1
0.519750 1
0.120025 1
0.200302 1
0.199689 1
0.920137 1
0.440103 1
0.200010 1
0.320257 1
0.959502 1
0.820100 10
0.800006 1
0.119992 1
0.699926 1
0.879927 1
0.140233 1
0.220020 1
0.319950 1
2.700098 1
0.380071 1
0.180058 1
0.099793 1
1.028071 1
0.471933 1
0.519923 1
1.900044 1
0.919942 10
2.720068 1
0.407758 1
0.192304 1
0.199832 1
0.160216 1
0.148037 1
1.551772 1
1.280096 1
0.179947 1
0.128050 1
0.091808 1
0.240217 1
0.179916 1
0.127875 1
1.732030 1
0.780159 10
2.679831 1
0.140124 1
0.127927 1
0.131990 1
0.168028 1
0.211951 1
0.960047 1
0.100065 1
0.359931 1
0.119966 1
6.047694 1
0.712460 1
3.060323 2
0.002893 8
2.016761 1
0.180142 1
0.259655 1
0.920384 1
0.099781 1
0.140022 1
0.159746 1
0.148205 1
0.151942 1
0.300144 1
0.119788 1
0.280221 1
0.640065 4
0.159916 1
0.147887 1
0.152229 1
0.119832 1
0.080095 1
0.579899 1
0.059912 1
0.179873 1
0.100387 1
0.199792 1
0.107975 1
0.171971 1
1.040235 2
0.000114 8
5.899640 1
0.400092 1
0.039842 1
0.900074 1
0.260157 1
0.107905 1
0.232154 1
1.619792 1
0.280166 1
0.139817 1
0.280029 1
0.096132 1
0.143796 1
0.940439 1
0.599665 1
0.179798 1
1.000192 1
2.179847 1
0.100196 1
0.179985 1
0.119932 1
0.140057 1
0.099910 1
0.180232 1
1.019724 1
1.700047 1
0.848149 1
0.452056 2
0.000148 8
1.819996 1
0.139833 1
1.020087 1
1.299890 1
0.140126 1
0.119872 1
0.159833 1
0.148184 1
0.451958 1
0.208046 1
0.111885 1
1.159981 1
2.280164 1
0.467921 1
1.832163 1
0.320030 1
0.299815 1
0.179881 1
0.100082 1
0.320174 1
0.259790 1
0.260058 1
0.179893 1
0.128118 1
1.511964 1
0.060201 1
1.419953 1
0.147869 1
0.192014 1
0.107997 1
0.199880 1
0.440005 1
1.952176 4
2.219872 1
0.260160 1
0.328906 1
0.170786 1
1.300110 1
0.140027 1
0.180083 1
0.119960 1
1.500040 1
0.939842 1
0.140168 1
0.699918 1
1.019942 1
0.108229 1
0.131904 1
0.140296 1
1.059613 1
0.860020 1
0.880055 10
1.928036 1
0.151853 1
0.680211 1
0.667700 1
0.212172 1
0.139928 1
0.131982 1
0.808054 1
0.120018 1
0.120008 1
0.160199 1
0.179931 1
1.679882 1
0.560348 1
0.299577 1
2.088230 1
0.111821 1
0.240085 1
0.159928 1
0.180136 1
1.379777 1
0.308363 1
0.151719 1
0.179987 1
0.099919 1
0.620006 1
0.240223 1
0.259994 1
0.208129 1
0.451688 1
0.560002 1
0.100025 1
0.339979 1
0.139968 1
0.168179 1
0.100003 1
0.192139 1
0.719699 1
0.320253 1
0.339738 1
0.220035 1
1.520043 1
0.280002 1
0.059987 1
0.179980 1
0.640176 1
0.100396 1
0.139573 1
0.179770 1
0.160415 1
0.979599 1
1.540143 1
0.140113 1
0.619824 1
1.800083 1
0.279966 1
0.107885 1
0.172191 1
0.199872 1
0.140066 1
0.160015 1
0.279957 1
0.120011 1
1.140311 1
1.059647 1
1.520239 10
1.299757 1
0.080113 1
1.059759 1
0.268268 1
0.091978 1
0.219869 1
0.120002 1
0.279911 1
0.608226 1
0.091912 1
0.220191 1
1.980063 1
1.319871 1
1.059784 1
0.519982 1
1.000140 1
0.979860 1
0.100188 1
0.139961 1
0.139854 1
0.688030 1
0.300087 1
0.511970 1
0.120009 1
0.800172 1
0.479657 1
0.220047 1
0.100051 1
0.140119 1
0.179776 1
0.160046 1
0.140175 1
0.160033 1
0.127861 1
1.512027 1
0.180015 1
0.899908 1
0.500120 1
0.619917 2
0.003233 8
312.256375 1
0.220455 1
0.159875 1
0.660096 1
0.580138 1
0.200060 1
0.159749 1
0.160173 1
0.159859 1
0.189979 1
0.150159 1
0.187987 1
0.152024 1
0.599937 2
0.000100 8
716.159767 1
0.160162 1
0.179960 1
0.499968 1
0.199984 1
0.140087 1
0.068008 1
0.171856 1
0.120018 1
0.240055 1
0.139887 1
0.940121 10
1.108048 1
0.152047 1
0.199926 1
1.159914 1
0.119972 1
0.179890 1
0.108088 1
0.191927 1
0.020322 1
0.159821 1
0.340029 1
0.127884 1
0.132231 1
0.139914 1
0.167687 1
0.152229 1
0.200249 1
0.127648 1
0.172035 1
0.220115 1
0.128169 1
0.319846 10
0.771880 1
0.160138 1
0.207765 1
0.500168 1
0.132085 1
0.107996 1
0.120054 1
1.791965 1
0.249799 1
1.430208 1
0.339913 1
0.209874 1
0.070095 1
0.157940 1
0.092195 1
1.189885 2
0.000106 8
2.079778 1
0.180280 1
0.999752 4
0.660232 1
0.279969 1
0.287820 1
0.209996 1
0.100171 1
0.062051 1
0.090102 1
0.165608 1
0.084089 1
0.100087 1
0.215925 1
0.044163 1
0.119816 1
0.060047 1
0.276105 1
0.083961 1
0.180002 1
0.159868 1
0.480204 10
0.907995 1
0.179826 1
0.172029 1
0.160156 1
0.099825 1
0.940120 2
0.001604 39
1.818158 1
0.159997 1
0.240343 1
0.240022 31
0.000037 2
0.000149 39
1.027506 1
0.260186 1
0.300237 1
1.111917 1
0.199935 1
0.204011 3
0.935970 46
3.187924 1
0.151960 1
0.280363 2
0.001216 70
0.000227 2
0.000471 44
5.765705 1
0.179956 1
1.312004 1
0.199991 1
0.108087 1
0.212091 1
0.139894 1
0.199730 1
0.200293 1
0.107858 1
0.092051 1
0.339964 1
0.100106 1
0.148112 1
0.219943 1
0.091746 1
0.140283 1
0.107883 1
0.139862 1
0.932054 1
0.200337 1
0.119768 1
0.139919 1
0.256216 1
0.123669 1
0.300488 1
0.119792 1
0.088083 1
0.268052 1
0.223655 1
0.116985 1
0.083265 1
0.199941 1
1.227988 1
0.171897 1
0.156022 1
0.100138 1
0.091974 1
0.128857 1
0.083086 1
0.120039 1
0.187897 1
0.880160 1
0.150884 1
0.108974 1
0.259933 1
0.152078 1
0.080000 1
0.047871 1
0.200160 1
0.231975 1
0.099902 1
0.140006 1
0.275909 1
0.204054 1
0.119932 1
0.220262 1
0.148032 1
0.259796 1
0.092091 1
3.259976 46
1.799954 1
0.720133 4
1.979873 1
0.100467 1
0.139488 1
0.136290 1
0.123692 1
0.400189 1
0.219945 1
0.264994 1
0.000667 2
1.194487 1
0.384108 5
0.896182 2
0.040926 36
0.000392 7
0.000059 7
0.000749 14
0.000338 59
0.000378 36
0.001457 11
0.000410 944
2.194875 4
1.620077 4
2.967927 4
2.232109 4
1.860188 4
2.799658 4
2.440367 4
1.939785 4
1.559906 4
5.739862 4
1.320313 4
0.939857 4
0.740049 4
0.579848 4
0.640449 4
0.600223 61
1.499543 2
0.719857 2
0.499888 2
0.416242 2
0.423748 2
0.520193 2
0.499968 2
0.500351 378
3.479887 16
0.000071 23
0.000915 44
2.218811 1
0.279840 1
0.199916 1
1.180199 1
0.379914 4
0.219841 4
0.200135 4
0.180040 4
0.180031 1
1.240053 1
0.400047 1
0.800027 1
0.219721 1
0.100084 1
0.140243 1
0.059839 1
0.499868 1
0.100037 1
0.120042 1
0.160218 1
0.147658 1
0.192083 1
0.587927 1
0.152076 1
0.164173 1
0.135775 1
0.180251 1
0.147927 1
0.091843 1
0.240256 1
0.059870 1
0.200001 1
0.179894 1
0.128072 1
0.232032 1
0.279901 1
0.140085 1
0.179951 1
0.260409 1
0.099593 1
0.040007 1
0.179956 1
0.140236 1
0.139846 1
0.139890 1
0.320441 1
0.179558 1
0.199965 1
0.180261 1
0.147861 1
0.151915 1
0.460290 46
0.439847 1
0.179918 1
0.100054 1
0.439848 1
0.140118 1
0.219947 1
0.360815 2
0.002563 8
0.000297 2
0.000227 64
0.000172 2
0.000129 61
0.000141 2
0.000098 62
0.000100 2
0.000126 56
0.000105 2
0.000066 56
0.000088 2
0.000083 56
0.000083 2
0.000069 56
0.000129 2
0.000084 56
0.000089 2
0.000535 44
11.874063 1
0.419905 1
0.300335 1
0.179549 1
0.128105 1
0.092096 1
0.119984 1
0.680025 1
0.059966 1
0.180008 1
0.080077 1
0.479899 1
0.140167 1
0.168019 1
0.851849 1
0.140084 1
0.100003 1
0.140075 1
0.219791 1
0.160314 1
0.239728 1
0.199987 1
0.140002 1
0.200081 1
0.520078 1
0.845357 5
1.094857 46
2.219627 1
0.199880 1
0.108073 1
0.132341 1
0.819672 1
0.200181 1
0.120045 1
0.286989 1
0.000776 1
1.212252 1
0.285180 5
1.315015 2
0.505481 57
0.000628 2
0.000289 13
0.000160 2
0.000179 7
0.000160 2
0.000171 40
0.000159 2
0.033548 44
9.458654 1
0.120456 1
0.159570 1
0.150108 1
0.670397 1
0.179574 1
0.130084 1
0.109911 1
0.360051 4
0.479807 4
0.060172 4
0.040022 4
0.060039 4
0.040153 4
0.059938 4
0.057712 4
0.042210 1
0.060249 1
0.039915 1
0.059804 1
0.048218 1
0.057698 1
0.043990 1
0.049949 1
0.050372 1
0.049708 1
0.948113 1
0.811969 1
0.200009 1
0.119909 1
0.140092 1
0.099953 1
0.560080 1
0.139745 1
0.140219 1
0.079941 1
0.779953 1
0.140157 1
0.169895 1
0.150175 1
0.179823 1
0.140066 1
1.280117 46
4.639949 1
0.179881 1
0.079999 1
0.119903 1
0.140151 1
0.700095 1
0.140019 1
0.147879 1
1.252087 1
0.880192 4
0.639625 1
1.000154 1
0.179800 1
0.147981 1
0.132166 1
0.179853 1
0.128148 1
0.151984 1
0.160029 1
0.400200 1
0.179897 1
0.127820 1
0.692757 2
0.014041 29
4.906424 2
0.020927 29
0.030444 31
0.000315 31
0.000284 2
0.015086 32
0.000414 32
0.140976 33
0.000285 33
0.531230 33
0.000364 2
0.000203 33
0.000295 33
0.000678 35
0.000162 2
0.431904 79
0.000389 2
0.000629 94
0.000178 2
0.000478 83
0.000222 2
0.000238 98
0.000176 2
0.000432 94
0.000143 2
0.000113 97
0.000117 2
0.000107 96
0.000112 2
0.000112 101
0.000095 2
0.000098 94
0.000139 2
0.000209 94
0.000097 2
0.000285 101
0.000139 2
0.000464 102
0.000113 2
0.000198 102
0.000110 2
0.000102 90
0.000108 2
0.000245 94
0.000142 2
0.000281 99
0.000137 2
0.000252 101
0.000106 2
0.000119 94
0.000106 2
0.000137 88
0.000121 2
0.000294 98
0.000190 2
0.000202 99
0.000113 2
0.000154 92
0.000101 2
0.000146 100
0.000096 2
0.000160 102
0.000124 2
0.000072 94
0.000087 2
0.000125 92
0.000095 2
0.000079 98
0.000081 2
0.000106 96
0.000115 2
0.000176 91
0.000094 2
0.000096 84
0.000104 2
0.001955 48
0.000201 2
0.000159 41
0.000087 2
0.003450 52
0.000329 2
0.001352 98
0.000216 2
0.005683 19
0.000203 2
0.000106 10
0.000068 2
0.007567 45
0.000272 2
0.001213 102
0.000252 2
0.029723 63
0.000206 2
0.059274 33
0.000303 2
0.000180 68
0.000155 2
0.000207 24
0.000133 7
16.921766 1
0.680175 1
2.459770 3
1.121352 2
0.007160 18
0.000401 4
0.144707 14
0.000230 103
0.000143 2
0.000054 38
0.000017 4
0.000780 39
0.000296 12
0.000115 4
0.070500 14
0.000308 117
0.000219 2
0.000084 40
0.000027 4
0.376638 41
0.000777 13
0.000817 4
0.000803 15
0.000172 116
0.000787 2
0.000213 40
0.000042 4
0.002053 41
0.000375 13
0.000317 4
0.000616 15
0.000454 119
0.000274 2
0.000225 43
0.000175 4
0.002582 44
0.000383 13
0.000175 4
0.000352 15
0.000197 120
0.001159 2
0.000379 44
0.000221 4
0.001179 45
0.000373 13
0.000198 4
0.000658 15
0.000394 116
0.000307 2
0.000244 40
0.000148 4
0.080349 41
0.000272 13
0.000147 4
0.000544 15
0.000212 120
0.000021 2
0.000092 40
0.000296 4
0.052601 41
0.000282 13
0.000126 4
0.000430 15
0.000179 109
0.000194 2
0.000103 35
0.000027 4
0.000620 36
0.000172 13
0.000115 4
0.000243 15
0.000141 100
0.000212 2
0.000069 32
0.000192 4
0.000814 33
0.000212 14
0.000140 4
0.000055 16
0.000189 35
0.000112 2
0.442709 1
0.000320 15
0.036549 51
0.000340 2
0.000227 23
0.004361 25
0.000394 26
0.000221 26
0.000194 26
0.000240 26
0.000194 26
0.000187 26
0.000238 26
0.000229 26
0.000285 26
0.000165 26
0.000188 26
0.019346 26
0.022633 26
0.011826 26
0.026233 26
0.013945 26
0.030361 26
0.112227 26
0.045301 27
0.000466 22
0.000264 50
0.000242 2
0.008552 62
0.000509 2
0.000489 45
0.000148 87
0.000019 2
0.000341 45
0.000024 87
0.000016 2
0.002583 40
0.000435 2
0.018284 45
0.000351 87
0.000114 2
0.002045 45
0.000252 87
0.000098 2
0.024508 54
0.000460 2
0.014414 75
0.000482 2
0.000558 45
0.000138 87
0.000015 2
0.006228 53
0.000361 2
0.142355 45
0.000282 87
0.000215 2
0.003585 45
0.000401 87
0.000223 2
0.018714 52
0.000548 2
0.012715 73
0.000427 2
0.000466 45
0.000020 87
0.000011 2
0.004818 51
0.000224 2
0.013195 45
0.000235 87
0.000011 2
0.002333 45
0.000190 87
0.000014 2
0.017263 55
0.000279 2
0.009990 76
0.000308 2
0.000410 45
0.000126 87
0.000084 2
0.004062 54
0.000275 2
0.017559 45
0.000211 87
0.000100 2
0.001752 45
0.000239 87
0.000068 2
0.018562 56
0.000264 2
0.011509 77
0.000391 2
0.000465 45
0.000128 87
0.000013 2
0.005112 55
0.000293 2
0.013377 45
0.000284 87
0.000193 2
0.002179 45
0.000360 87
0.000102 2
0.017074 51
0.000350 2
0.011177 72
0.000366 2
0.000520 45
0.000158 87
0.000120 2
0.001793 50
0.000393 2
0.161722 45
0.000254 87
0.000169 2
0.001837 45
0.000192 87
0.000133 2
0.017198 51
0.000311 2
0.012640 72
0.000346 2
0.000396 45
0.000149 87
0.000013 2
0.002074 50
0.000285 2
0.174443 45
0.000211 87
0.000083 2
0.001724 45
0.000200 87
0.000058 2
0.011881 47
0.000282 2
0.011258 66
0.000265 2
0.000276 45
0.000015 87
0.000011 2
0.001902 46
0.000249 2
0.010644 45
0.000361 87
0.000200 2
0.002243 45
0.000360 87
0.000026 2
0.018806 44
0.000354 2
0.013869 59
0.000397 2
0.000536 45
0.000163 87
0.000022 2
0.002036 37
0.000371 2
0.010888 45
0.000299 87
0.000173 2
0.001763 45
0.000279 87
0.000020 2
0.005059 44
0.000350 2
0.474687 51
0.000359 2
0.209648 53
0.237687 41
0.000393 2
0.004930 45
0.000292 87
0.000023 2
0.012057 45
0.000342 87
0.000039 2
0.001810 54
0.000363 2
0.001910 45
0.000034 87
0.000017 2
0.287189 2
0.000298 78
0.000137 2
0.416423 2
0.000274 75
0.000128 2
0.401554 2
0.000395 74
0.000233 2
0.365670 2
0.000457 78
0.000198 2
0.337483 2
0.000359 73
0.000122 2
0.423745 2
0.000399 77
0.000167 2
0.439363 2
0.000397 75
0.000233 2
0.367713 2
0.000310 73
0.000226 2
0.376154 2
0.000403 74
0.000206 2
0.370646 2
0.000316 75
0.000187 2
0.352094 2
0.000401 75
0.000253 2
0.351446 2
0.000290 77
0.000132 2
0.406997 2
0.000471 77
0.000267 2
0.359292 2
0.000345 77
0.000192 2
0.331986 2
0.000249 77
0.000171 2
0.412070 2
0.000293 79
0.000168 2
0.198165 45
0.000254 87
0.000016 2
0.001980 52
0.000222 2
0.002106 45
0.000186 87
0.000128 2
0.208991 2
0.000472 74
0.000298 2
0.187120 45
0.000298 87
0.000186 2
0.001879 55
0.000354 2
0.001991 45
0.000041 87
0.000016 2
0.233502 2
0.000476 77
0.000251 2
0.169126 45
0.000265 87
0.000168 2
0.002148 56
0.000274 2
0.002131 45
0.000028 87
0.000232 2
0.302904 2
0.000553 78
0.000603 2
0.186517 45
0.000187 87
0.000082 2
0.002109 51
0.000341 2
0.001998 45
0.000038 87
0.000015 2
0.020620 21
0.000309 64
0.000139 2
0.004007 21
0.000459 67
0.000257 2
0.003554 21
0.000337 82
0.000157 2
0.187365 2
0.000303 62
0.000139 2
0.379422 45
0.000214 87
0.000073 2
0.001774 51
0.000289 2
0.017375 45
0.000265 87
0.000102 2
0.192980 2
0.000304 62
0.000120 2
1.190658 45
0.000353 87
0.000188 2
0.003545 49
0.001985 45
0.000294 87
0.000034 2
0.001844 45
0.000045 87
0.000027 2
0.001711 38
0.000316 2
0.002485 45
0.000022 87
0.000017 2
0.002051 45
0.000024 87
0.000011 2
0.002279 51
0.000269 2
0.107014 53
0.966704 2
0.000703 15
0.000211 3
2.534996 44
5.671361 1
0.179454 1
0.107980 1
0.200274 1
0.911732 1
0.160133 1
0.148043 1
0.271844 1
0.100130 1
0.267996 1
0.139874 1
0.132303 1
0.199755 1
0.660105 2
0.076141 41
0.000293 2
0.000097 37
0.000115 2
0.000132 61
0.000134 2
0.000130 93
0.000135 2
0.004399 44
4.158066 1
0.816316 1
0.303906 1
0.079948 1
0.179971 1
0.140175 1
0.799860 1
0.199932 1
0.059959 1
0.160302 1
0.919782 1
0.147975 1
0.272140 1
0.120338 1
0.099657 1
0.099974 1
0.107913 1
1.000126 1
0.460043 1
1.391958 46
6.528122 1
0.172017 1
1.519785 1
0.108035 1
0.131937 1
0.088160 1
0.099854 1
0.132032 1
0.079988 1
0.659964 1
0.160160 1
0.147853 1
0.132026 1
0.640044 1
0.219942 1
0.180069 1
0.640199 1
0.139724 1
0.316133 1
0.143948 1
0.280020 1
1.020067 4
0.219923 4
0.179869 4
0.159934 4
0.180193 4
0.168176 4
0.992096 1
0.179756 1
0.179895 1
0.240018 1
0.480108 1
0.199822 1
1.620104 1
0.144807 1
0.095224 1
0.279946 1
0.199881 1
0.108303 1
0.431683 1
0.120043 1
0.099952 1
0.208300 1
0.111714 1
0.080043 1
0.240015 1
0.179911 1
1.140270 1
0.259803 1
1.099959 4
0.199982 4
0.720299 1
1.179788 1
0.140603 1
0.679376 1
0.460152 1
1.099891 1
0.340303 1
1.779572 1
0.980527 46
3.019591 1
0.159994 1
0.179970 1
0.228204 1
0.191857 1
0.340046 1
0.180074 1
0.128050 1
0.091649 1
0.120148 1
0.259942 1
0.088218 1
0.171799 1
0.127959 1
0.692297 46
5.379917 1
0.407862 1
0.271996 1
0.060076 1
0.247815 1
0.152053 1
0.100215 1
0.199881 1
0.139985 1
0.099912 1
0.140226 1
0.259996 1
0.820006 1
0.239820 1
0.140075 1
0.500086 46
6.108069 1
0.111835 1
0.140020 1
0.460021 1
0.140215 1
0.308075 1
0.332090 2
0.004828 8
0.000366 2
0.000207 64
0.000171 2
0.000139 61
0.000113 2
0.000111 62
0.000151 2
0.000170 56
0.000102 2
0.000103 56
0.000167 2
0.000102 56
0.000076 2
0.000068 56
0.000088 2
0.000126 56
0.000095 2
0.000675 44
2.431669 1
0.199997 1
0.140276 1
0.099886 1
0.779976 1
0.200274 1
0.139676 1
0.265882 1
0.000761 1
1.113576 1
0.244077 5
0.656401 2
0.021488 112
0.000618 2
0.000161 12
0.000141 2
0.000138 90
0.000195 2
0.000120 9
0.000142 2
0.000106 66
0.000153 2
0.004218 44
6.931762 1
0.800166 1
0.259802 1
0.100075 1
0.160158 1
0.099935 1
0.667944 1
0.131994 1
0.187934 1
0.272088 1
0.180218 1
0.107728 1
0.300089 1
0.091945 1
0.139992 1
0.700127 46
11.360035 1
0.100028 1
0.139917 1
0.139918 1
0.140117 1
2.059780 1
0.220092 1
0.139889 1
0.348027 1
0.497087 1
2.074846 1
0.414011 5
0.966392 2
0.035662 36
0.000373 7
0.000057 7
0.000770 14
0.000362 59
0.000322 36
0.001879 11
0.000449 944
5.079749 4
0.620374 4
5.659821 4
0.668102 7
0.291944 1
0.519922 1
0.340283 1
1.300050 37
0.199692 5
0.747946 7
0.352096 7
0.179963 7
0.128116 7
0.071983 7
0.147565 7
1.292564 362
1.289567 6
0.000475 64
0.000340 11
0.000180 366
1.169255 18
0.000364 23
0.000529 44
1.308890 15
0.619989 30
0.890101 33
1.000333 2
0.014387 112
0.000542 2
0.000179 12
0.000126 2
0.000088 90
0.000144 2
0.000101 9
0.000116 2
0.000090 66
0.000114 2
0.003520 44
56.059839 1
0.180417 1
0.939912 1
0.220173 1
0.239955 1
0.219469 1
0.220474 1
0.219748 1
0.199844 1
0.260425 1
0.219376 1
0.247967 1
0.252763 1
0.259975 1
0.259529 1
0.240475 1
0.279728 1
0.260159 1
0.239992 1
0.260073 1
0.199824 1
0.260082 1
0.200018 1
0.260213 1
0.220026 1
0.219664 1
0.240194 1
0.199885 1
0.240160 1
0.499837 46
2.059647 1
0.120620 1
0.219654 1
0.260238 1
0.140032 1
0.219916 1
0.099799 1
0.108030 1
0.151970 1
0.147995 1
0.091610 1
1.120630 4
0.219956 4
0.180008 4
1.099983 1
0.099475 1
0.120657 1
0.899682 1
0.240096 1
0.140280 1
0.219640 1
0.188090 1
0.260067 1
0.231364 1
0.100639 1
0.127757 1
0.252215 1
0.147351 1
0.112676 1
0.227872 1
0.152069 1
0.100070 1
0.108070 1
0.171903 1
1.219556 1
0.580515 1
2.167928 1
0.092007 1
0.160339 1
0.099149 1
0.120403 1
0.187516 1
0.152521 1
1.059619 4
0.228045 4
0.200336 4
0.191940 4
0.180306 4
0.219770 4
0.220062 4
0.659903 1
0.100007 1
0.160020 1
0.099958 1
0.139669 1
0.084374 1
0.176159 1
0.267373 1
0.111884 1
0.100605 1
0.219545 1
0.200452 1
0.107983 1
0.091941 1
0.108221 1
0.171289 1
0.180628 1
0.139904 1
0.167573 1
0.091824 1
0.180493 1
0.180222 1
0.459993 4
0.280022 4
0.659859 1
0.179570 1
0.159959 1
0.156556 1
0.143960 1
0.060131 1
0.247744 1
0.132304 1
0.119408 1
0.620699 2
0.000350 44
1.539458 1
0.319988 1
0.579517 1
0.120269 1
0.100201 1
0.120100 1
0.079737 1
0.119516 1
0.528721 1
0.391914 4
0.199471 4
0.203023 4
0.177136 4
1.180439 1
0.179903 1
0.780059 4
0.180050 4
0.660088 1
0.139662 1
0.120173 1
0.219497 1
0.200432 1
0.159953 1
0.219997 1
0.339966 1
0.200220 1
0.307954 1
0.131892 1
0.059995 1
1.080202 1
0.147796 1
0.092208 1
0.187882 1
0.120108 1
0.131889 1
0.179900 1
0.119738 1
0.960304 1
0.139497 1
0.176819 1
0.083811 1
0.127878 1
0.112040 1
0.159347 1
0.180081 1
0.128643 1
0.092048 1
0.259995 1
0.139802 1
0.840012 4
0.220350 4
0.199841 4
0.200154 4
0.179759 4
0.179907 4
0.700270 1
0.259594 1
0.140114 1
0.760075 1
0.099858 1
0.140161 1
0.184266 1
0.735729 1
0.219972 1
0.099991 1
0.160019 1
0.859887 1
0.820076 1
1.200074 4
0.199891 1
0.360221 1
0.899816 1
0.520163 1
0.268092 1
0.291650 1
0.060124 1
0.060151 1
0.159667 1
0.220121 1
0.099933 1
0.160104 1
0.088025 1
1.531937 1
0.120189 1
0.180008 1
1.079939 1
1.019808 3
0.400018 1
0.188052 1
0.332225 1
0.919896 46
2.339833 1
0.340107 1
0.240195 1
0.099827 1
0.080073 1
0.139910 1
0.800011 1
0.979893 1
0.239990 1
0.380154 1
0.239771 1
0.220104 1
0.220105 1
0.119817 1
0.140147 1
0.719993 1
0.120023 1
0.559859 1
0.380384 1
0.099871 1
0.099972 1
0.175967 1
1.084163 1
0.639776 1
0.240030 1
0.219848 1
0.240063 1
0.119955 1
0.099888 1
0.620202 1
0.239915 1
1.240074 46
1.899896 1
0.160143 1
0.279742 1
0.080137 1
0.180244 1
0.159815 1
0.120110 1
0.159895 1
0.120072 1
0.239786 1
0.100250 1
0.139860 1
0.179988 1
0.128028 1
0.051914 1
0.140135 1
0.179832 1
0.100133 1
0.127936 1
0.112041 1
0.140066 1
0.180037 1
0.199929 1
0.115977 1
0.104100 1
1.660218 46
1.519691 1
0.180173 1
0.219982 1
0.059847 1
0.180234 1
0.119772 1
0.100094 1
0.099871 1
0.100401 1
0.159852 1
1.087400 4
0.320493 1
0.131875 1
0.099938 1
0.160122 1
0.180009 1
0.139834 1
0.147468 1
0.132688 1
0.079512 1
0.200517 1
0.107352 1
0.192050 1
0.180503 1
1.439972 1
0.099311 1
0.160381 1
0.100364 1
0.187479 1
0.092635 1
0.219918 1
0.539542 2
0.000246 44
6.820149 1
0.216083 1
0.483622 1
0.100354 1
0.187990 1
0.152254 1
0.387763 1
0.172134 1
0.167853 1
0.131984 1
0.819397 1
0.168158 1
0.300396 1
0.211996 1
0.140102 1
0.260138 1
0.147772 1
0.232142 1
0.499957 1
0.199874 1
0.160185 1
0.107938 1
0.252031 1
0.167948 1
3.739533 1
0.540515 1
0.412008 1
0.219355 1
1.640580 1
0.339511 2
0.000244 44
1.340341 1
0.359899 1
0.659987 1
0.959975 1
0.220039 1
0.219826 1
0.140015 1
0.080165 1
0.148037 1
0.052044 1
0.259988 1
0.199856 1
0.959985 1
0.268136 1
0.091840 1
0.180055 1
0.179921 1
0.200050 1
0.268243 1
0.131878 1
0.500029 1
0.060088 1
0.199949 1
0.159798 1
0.156028 1
0.204043 1
1.119883 4
0.220103 4
0.179833 4
0.188324 4
0.151804 4
0.800131 4
0.419785 1
0.308365 1
0.151975 1
0.199854 1
0.160251 1
0.199829 1
0.279978 1
0.179911 1
0.099980 1
0.140142 1
0.179986 1
0.159986 1
0.099590 1
0.160309 1
0.180121 1
0.127855 1
0.292221 1
0.319826 1
0.100001 1
0.159931 1
0.087453 1
0.172697 1
0.319943 1
0.187971 1
0.131943 1
0.167290 1
0.212865 1
0.900470 46
3.079458 1
0.340019 1
0.119970 1
0.187981 1
1.132447 8
